150
62
98
98
147
109
96
134
93
100
16
109
98
18
100
88
160
139
94
89
150
55
44
154
96
119
94
118
77
62
161
90
88
41
108
54
100
94
149
73
94
20
144
139
114
98
42
41
62
146
11
109
98
72
94
98
111
39
157
94
55
96
15
127
29
89
149
146
94
20
90
134
94
101
88
150
73
98
94
144
93
47
88
148
94
78
41
72
94
47
78
124
129
91
1
102
94
105
137
94
41
100
93
150
94
23
102
94
146
72
88
32
86
153
73
1
141
100
69
89
94
111
88
70
73
11
46
146
136
10
78
4
99
45
94
147
147
106
22
39
94
156
94
86
98
131
147
83
95
60
57
59
41
41
35
110
94
30
22
102
98
20
147
98
118
45
15
76
158
96
140
110
66
37
67
94
155
96
100
96
100
64
98
94
14
91
105
14
78
139
79
119
20
41
95
49
102
91
98
12
15
101
93
138
12
94
6
47
100
76
98
62
112
79
61
98
129
17
63
94
93
38
75
75
61
61
94
98
95
36
37
88
146
98
20
30
73
130
73
96
87
78
20
93
39
94
28
62
10
94
163
38
92
93
94
94
98
133
121
140
62
94
19
116
142
94
73
99
85
8
88
96
148
101
115
102
12
94
41
81
91
146
26
98
88
91
20
20
79
111
106
82
94
78
145
94
52
94
87
94
10
40
125
86
94
130
68
94
112
91
41
30
40
86
104
119
92
96
111
126
72
73
98
95
98
94
91
91
73
122
94
69
26
41
100
53
88
94
16
26
28
98
98
67
98
80
98
73
79
94
28
145
73
57
96
43
92
146
96
20
86
41
76
91
109
20
162
43
86
59
96
96
106
156
78
94
92
139
150
96
43
119
94
31
50
79
155
147
98
94
41
91
52
94
135
49
57
31
100
64
93
100
94
94
143
41
38
32
94
21
57
95
29
41
53
102
86
102
73
21
41
94
70
108
91
118
97
29
110
59
150
118
145
94
17
67
99
87
94
5
18
27
86
31
52
73
60
85
42
96
137
23
106
102
150
85
150
154
150
98
88
23
63
91
73
34
26
84
102
73
45
14
98
145
91
94
60
94
100
155
94
35
81
98
150
73
25
73
109
94
86
88
91
41
94
94
86
100
61
39
99
41
102
54
91
31
142
137
42
70
90
62
98
98
94
159
94
79
62
62
88
113
151
94
121
106
98
4
62
75
95
67
75
100
67
94
98
105
10
93
100
22
92
73
78
94
94
86
95
73
98
86
103
147
16
154
67
98
100
123
33
94
102
27
91
101
113
117
86
88
20
73
54
138
41
94
22
71
102
95
98
97
43
62
94
23
23
115
37
73
70
66
109
34
98
96
96
100
25
100
92
120
153
7
98
142
93
94
43
41
26
94
62
73
94
81
62
98
102
145
150
73
19
21
98
94
94
98
86
61
24
150
90
100
100
126
94
104
75
96
85
74
37
94
94
1
23
94
64
93
86
90
43
73
41
98
13
41
94
94
100
77
41
87
98
14
77
102
100
98
63
87
100
134
92
138
112
17
98
96
98
91
105
98
94
96
60
11
18
100
148
94
132
75
91
15
62
156
149
100
96
73
86
105
147
31
78
42
99
78
42
94
112
55
96
41
94
88
100
96
121
94
29
66
94
146
14
96
9
2
94
41
90
95
11
144
51
77
94
86
96
66
88
121
86
68
15
98
26
48
102
109
86
54
62
98
20
111
22
94
39
94
103
94
96
72
94
15
100
98
63
114
76
62
95
136
47
87
105
88
91
107
98
2
66
96
58
145
150
43
102
100
47
18
78
46
96
86
14
52
20
94
21
145
58
128
98
58
44
59
98
56
20
92
62
152
92
94
94
94
94
88
65
86
45
98
120
98
127
94
64
3
101
