78
1205
87
33
132
247
2
162
2
11
9
2222
86
1
383
229
632
13567
5
3
1027
17
55
10474
2
3
16
801
67
82
1462
141
685
1
2438
233
662
1
77
177
57
6961
91
5390
1311
25
8803
17474
12352
1514
102
34
2751
10
1
89
270
36
69
20
134
135
6
1
941
178
312
8802
400
2
23
5
58
784
2684
26
142
1217
1
14
10
10
179
1987
34
42
8
85
3335
580
395
571
128
570
19
87
1
1
1
60
1139
161
87
3
477
1803
12
3
457
24
81
8
115
2743
3264
9
59
1
163
1
127
278
4715
21904
1570
1643
163
14
1240
10
195
586
7
1381
851
8395
9
130
2068
106
7
96
19
87
22
696
70
59
3498
4
514
197
2958
2533
8
103
474
2757
76
89
689
21
7036
25
224
288
18
1110
260
2
5336
4
3
36
0
8
3
108
336
16761
57
131
2627
623
205
99
51
1
7242
138
112
32
32
357
1124
7
32
40
4
2226
127
9
23
39
119
12
4
1563
1878
459
18
150
468
8052
1476
4898
365
2999
2752
42
295
2087
119
140
26
2178
2
47
591
256
19
122
1
6
1497
832
193
9
3775
259
4
28
60
1
221
319
558
178
308
326
5
2
415
126
714
78141
303
36
8
4
79
509
6
204
65
1080
601
2564
843
254
16
2601
1570
2345
1480
1
99
2095
456
43
247
30
447
231
242
54
4962
40
2639
279
1
7
2
218
115
68
24055
1
12
1956
59
7
1999
127
2465
55
838
110
5
402
22
20
16
3365
13
8867
126
4444
910
210
974
5424
40
56
2242
351
11
3702
20833
564
624
18
11
25
151
41
314
12216
417
37603
2108
2367
60
11
14
392
8985
12
11
1
1
10
192
385
64
41
26
3532
78
3114
1825
585
2047
568
163
318
378
175
698
217
1207
216
230
20726
493
3
39
195
1325
1
2
5
4833
259
99
3
52
165
878
217
1
2992
87
370
1940
117
31
31
2137
66
16425
6389
26
271
182
7
378
142
3
7
24
1433
92
3
5
385
1
8363
7118
345
33
6
1159
29
7
253
166
47
37
53
1719
7366
25
4634
1
1
25
849
515
25
135
13
2275
493
23
131
606
258
4594
398
2169
3
16
14831
1507
1303
16
550
802
4
141
74
473
13
514
1357
1608
829
420
585
67
21
319
7
1139
7
142
7
9
1
496
67
92
23
10
14
84
2455
165
174
1285
139
71
6
48
117
13392
30
92
64
0
80
108
211
397
271
856
2451
34
14
1444
1
1719
1114
26605
4152
9
1887
274
269
61
2
120
282
3
104
9
160
1270
1
741
57
5
7
1424
13
13
1374
202
695
1119
119
262
212
74
231
1825
235
64
6
197
1603
346
1075
3463
4848
203
1
1536
7
37
220
80
489
350
438
511
24
3557
2249
604
112
2805
1263
79
85
5
94
235
9
1584
221
816
1
856
1287
337
1916
112
541
72
11
525
231
1
1
50
112
118
7
46
762
97
1046
5337
4
88
951
298
120
667
25
5176
1050
44
22
12
10
2
80
41
1
2
19
2
20
58
1999
141
391
91
5
3
909
1258
118
98
133
202
56
1
420
65
337
303
142
151
107
31
95
1354
305
2
20
3970
12245
1
965
84
18
53
308
3
153
9
4
3
263
723
19
266
470
17
911
79
22
34
460
711
17
272
46
359
378
7656
1120
95
15
3
153
5
108
9658
189
148
2
7
2
4122
322
38
28
30
2069
599
74
7
2938
151
15
20
234
825
5
133
411
4101
46
379
155
110
19
1
5
632
5
174
4
36
135
2580
107
1134
153
484
44
10
474
5852
6
3
83
79
420
4033
1095
1031
24
119
1167
5
161
1061
137
554
41
1
63742
1020
8368
1
660
1179
1569
6
57
59
1352
1
617
87
998
6
5
763
384
36
406
1
702
60
310
131
366
6
67
114
10
2508
2
41
629
102
146
21
1
76
11
13
46
13
5
1432
10
4
53
863
1312
1507
1
4759
540
431
4239
75
36
71
793
917
248
72
2436
61
3
6
1876
1624
36
529
79
1
17
528
35
877
751
68
50
50
1404
235
50
1
392
440
7
5
2
12
45
7
6
130
3527
69
671
2443
1
319
240
88
395
4322
1287
617
2074
37
11
17
59
99
3123
220
290
861
3
1442
2865
33
588
122
129
13
2
3436
113
2
2
744
1434
6
7500
3296
2
161
20
15
350
17
123
70
552
6895
46
2106
16
49
77
14
1268
2
773
3474
7939
371
14
515
6
7
2
857
202
3250
16015
240
9527
1407
1601
759
1
142
51
664
10486
484
3
56
2084
1
19
4
296
32
2175
2
27
285
87
6393
66
64
38
960
1
6690
518
71
5324
288
2095
289
1641
108
163
2
61
1
20
1
1914
2218
91
197
4817
5
69
1616
55
8
1133
23
47
35
69
1934
42
359
21
161
9
92
2409
52
432
36
2
7
707
2044
23
462
155
50
636
49
147
46
3
206
147
1
6
16
1145
12
105
1151
97
265
1708
3963
36
73
153
29
123
26
1
214
5632
9557
26
3696
186
7195
8
6
144
1845
174
236
8385
217
19002
492
382
207
44
1373
11
168
12
357
92
12
229
2509
1782
145
120
23
16
1738
83
39
177
54277
38
54
29
878
191
18
9
1166
7394
762
267
5
2737
103
20
1172
20
4535
2427
46
223
0
196
11
43
21
2955
16
89
1057
1705
2067
49
41
435
88
35
95
94
1
788
1
17
328
1
1
1772
1
320
63
3
3207
996
27
66
43
2
264
308
1
4434
17
37
855
1
84
1566
66
1
6
98
1282
2
66
9
105
10
147
7
168
29
1170
354
654
828
2
3349
9
312
12
1
255
93
2696
100
657
636
680
25
4
1
7
2
311
1642
1
247
653
3334
65
266
821
88
1502
110
4
68
26
959
370
395
138
4
37
12
67
364
21
495
268
244
3924
1267
1135
27
205
266
96
44
3
44
482
1
25
220
4063
3084
410
220
93
6
1285
14
19
148
3
14
52
90
2143
19
1086
52
4715
289
3
130
457
20
1801
138
167
196
22
115
6514
160
1759
18
4010
10
258
84
29
352
3
1838
4195
272
2
7
1806
140
2002
7
21
101
330
4797
138
216
278
47
364
234
8
473
162
9
1661
8
557
552
307
16
7
23
6
1887
23
2612
13048
888
9
749
487
2
713
35
27
5283
95
63
742
130
513
48
62
7
1
141
623
87
23
505
4675
5526
102
37
3
1
1
34
16
33
159
77
2800
143
529
94
4
2
435
8
57
137
516
286
2330
18
146
1848
844
3
7
30
268
12
70
19
3584
1
1242
4
3
793
1413
8
33
3397
20
119
5
550
586
138
183
168
26
10897
3892
179
15
21
70
566
267
99
28
337
450
108
2252
274
49
123
8
1
139
3407
6
7
2
5
99
56
6
271
2947
641
11
435
40
2
2
1
765
1527
50
990
41
127
651
8
5
3
174
207
1165
37
1719
413
51
302
32
114
42
99
269
1127
14
1399
7
46
39
339
2815
99
2635
340
4
418
530
168
36198
183
25
104
1587
45
717
103
3
93
1763
298
33
130
1
3
44
61
448
42
62
100
76
4606
30
23
40
121
6
397
40
224
1848
96
27
6
217
9
29
50
474
381
247
25
875
33
24012
22
2
42
165
1735
83
614
66
264
79
43
10
304
810
82
22
49
0
97
9117
223
1120
14802
59
2
171
236
329
10
1128
79
26
2
229
3160
31
175
161
21
13
1219
270
181
168
52
101
2
171
19
93
1071
34
237
222
110
3
409
17336
178
6023
5022
0
444
15
55
1546
8492
3
204
252
12
196
495
6560
1966
6222
421
1708
1
211
48650
309
63
4486
3
11
1110
2376
79
14
3626
920
2
800
24
512
194
66
218
819
150
12373
7
77
54
2
4262
285
310
3073
4
12
29
24
173
42
14
61
468
316
53
3
37
863
2469
167
2
801
2
2
560
105
277
111
17441
260
143
157
385
82
5167
276
2479
502
14
97
170
11
78
1787
201
11189
113
9
13361
437
283
4
3
36
85
1598
2
17
7200
25
6
12
20
713
1457
156
126
42
618
118
1
30
189
115
28
429
137
299
0
9
2
141
113
1
2
2
373
9
1916
3632
21
303
213
256
85
24
6
1041
344
158
1152
2
389
192
6391
318
1
1065
14
62
15189
17
2
6734
2524
12
415
48
605
2
3
630
730
10
55
469
213
141
629
0
251
5
907
267
15
754
8
377
163
10
1637
1119
324
66
1037
3
18
45
1
7
2
50
357
26
1229
9
5
12
984
8
1440
20
1
6
8
93
2104
1927
108
105
5
333
6
29
8
3194
55
1173
245
95
24
1
2
176
4455
3
1
64
1389
658
20
42
6
1
161
20
18
1
6
55
3
5
69
1
1
587
100
6
1
100
259
11
118
38
1821
4016
5
78
1
16
241
2
4
886
309
20
1909
797
366
6
206
635
218
37
13
321
440
184
2703
82
392
529
32
101
6
27
262
2541
23
105
1590
166
27684
1
2
13
16
145
9186
1850
7
43
24
363
190
769
31
312
1343
43
89
11143
9903
15
3659
470
4410
5
247
173
3
127
3
763
2
58
18
69
97
135
298
1
189
374
273
54
109
1
1019
288
96
10
2539
162
13
26
7413
1584
3
31
3
3152
39
517
1879
63
86
7
5785
2674
365
12
15
150
149
81
4
11
1
1942
13
693
4939
10
1071
38
7145
8
575
374
332
5
7
44
2524
1176
91
18380
4986
63
9
59
45
29
1
162
19
14
333
1122
577
3713
147
54
7
3701
1216
1
2
46
1
1
287
9
125
10
17
4
74
38
220
4512
176
513
288
1266
3
2198
2
368
92
454
59
289
1375
1991
23
1513
141
186
980
41
2643
1
1324
4996
4
43
31
1
193
15
299
54
56
226
301
21
48
2418
663
444
98
86
2
49
612
846
33
106
17
235
2599
948
6
1144
612
36
5
71
87
26
34
31
175
16
1544
1382
9
1261
462
441
15
447
21
512
125
3
7
81
49
22066
833
181
481
134
457
270
10
11
7
1616
10
38
1576
80
36
241
14
5314
616
19
87
2991
297
22017
116
269
212
13
5137
203
7
64
587
6
19
11
23
34
14
7
204
267
445
38
22
286
291
118
8455
24
1
254
1462
47
18
763
320
16
129
92
46
137
3
335
26
4889
188
253
26
8
1
42
14549
1313
999
1
12
21
1
2956
29
178
171
1
87
200
2
400
985
126
356
202
369
458
2407
34
6
6081
548
8951
539
795
191
107
7
142
9
9
3
141
50445
7
243
975
5346
12
971
26
12358
1740
17112
477
3
5730
426
2493
40
4464
3
6
2
20
100
865
2189
1473
138
250
6881
61
1
1
64
205
1
1563
3
162
108
3862
606
160
3
110
61
4
168
104
206
3215
3309
50
37
1614
607
3573
101
71
13
340
3076
492
19
2
618
227
354
953
16
68
52
3
1387
44
104
5733
160
247
1275
325
2815
9
924
166
57
8824
2726
193
10
692
284
2450
329
99
11
289
0
90
33
32
493
54
48
447
146
635
92
323
41
3150
2503
485
3816
2689
1031
62
8
144
332
31
11734
774
158
2061
241
4
21
202
2
14443
8
1585
338
1
450
312
139
78
4932
6
585
515
23
105
4737
11
2
7457
17
193
9
2
56
260
2464
157
3436
89
230
2676
1590
154
6736
17
7
4664
1033
30
10
34
613
616
3
101
692
605
261
1121
63
246
6871
470
14
67
3874
1184
385
30
1322
1
117
177
5
1
141
212
2
10
173
204
322
40
634
193
534
5
121
884
1042
85
27
444
3798
1313
37
93
2638
396
18
30122
2
1
1
63
5356
786
127
303
4
1
686
837
1032
162
186
17727
4169
223
624
2046
64
98
268
44
33
159
222
1448
5
120
116
359
11
3726
354
47
1771
9104
155
2556
262
201
26695
441
1665
3283
2273
2133
540
49
116
309
903
328
31
99
1
9612
12
9
110
1148
110
53
32
53
51
4
1560
1635
272
55
97
776
901
180
98
43
79
191
23
103
1525
5353
158
2
5
179
162
27
3
5
801
2051
50
34
3
1012
1610
1013
0
115
2
9986
1141
308
922
38
8741
23
32
381
15
152
540
58
25787
41
705
430
31
329
100
3
1
1589
213
6918
126844
47
18
370
781
3988
0
392
28
94
1355
1009
1499
278
472
1894
47
5
78
38
808
3
438
1831
7266
179
456
8
80
12
3559
518
90
1255
57
1280
19
702
29
5
615
971
8917
9
128
2299
13
3
912
29
194
89
507
2
1749
1003
68
233
15
1145
23
24
1
819
357
915
77
864
5457
23
1420
5264
66
104
575
39
3
189
310
453
454
188
986
43
19
51
73
956
130
53
238
56
3804
37
1
9
14
68
165
11
14408
633
865
5700
331
167
8912
37
118
151
24
41
501
1493
594
185
1428
25
2
273
1151
472
59
11
634
48
20173
109
354
87
1537
461
124
2374
295
377
2
1246
2
66
584
114
28
173
166
430
457
62
182
1
13
963
36
45
299
11
688
144
331
1633
101
1647
1079
196
39
2
7
1
4
1513
119
4345
41
11
7641
142
160
74
22
363
91
61
41
803
2216
311
16
1
104
92
178
219
1100
99
38
7
1021
213
9
2745
4
25
257
11
19
22
145
752
1147
1620
1188
83
250
521
7601
2283
59
531
4
916
2771
1399
55
599
32
64
1234
41
468
36
79
211
8
4
109
66
1460
9
4
44
8
353
5814
6
10733
1
21
2908
116
14
8511
2312
16
232
49
100
295
4
1024
6
2
125
35
922
1391
4
5
501
26
106
2057
60
1889
1243
172
11
19
126
715
52
125
894
1285
128
6
46
10
167
14
239
13
250
942
5
283
3657
33
202
327
306
1885
555
10
2009
2823
5
1406
4
2781
483
1321
905
13
5
449
57
6
10674
113
1
1
6
4
216
105
1
18374
13
46
288
175
23
1149
834
3
141
856
2183
5
1398
3
1932
125
182
164
3817
597
47
17
42
1541
48
201
188
91
111
1771
11
53
3045
33
490
5795
8
100
68
646
7
53
203
419
2146
1
10
36
67
298
60
27030
708
28
1
104
543
134
135
43
436
30
173
21
287
447
1729
33
13714
906
29
78
166
4
17
95
305
102
70
7
1037
3693
3830
1560
22
39
70
23
846
5
3
40
612
1
1
308
1
461
5271
1
132
39
2
45
1
427
11
556
72
1667
2
112
739
273
597
1
116
17693
120
18
886
26
3
35
129
46
777
132
3
1405
5
716
464
385
10
1003
30
1072
1805
146
247
2
5
8
8184
848
24
16
1486
11760
5427
1084
4
1
8500
1
122
6
31
12
1121
18
1467
118
53
106
1
154
104
1322
1316
2
85
11
1
1
7
228
4150
1174
4555
2
1
560
2
5925
1674
17
151
29
1
198
153
98
218
1
195
61
566
1
21
875
758
24
42
1961
1
346
3
199
291
33
2
1007
142
1
28
2874
405
6
1426
3328
87
123
1
89
599
8
628
47
4313
11
9
564
7
22
8
12209
11170
1
547
252
2413
95
471
120
123
44
9
8
694
1676
100
65
2
5
4
6
425
236
10
13812
81
146
295
1541
4898
8
1082
510
5821
253
20
7422
164
3602
10834
7406
42
1469
458
108
89
89
112
45
6
25
8
4
188
230
21
206
106
208
96
1159
6339
2
5
3361
1
1029
432
13
461
549
8
4909
16
1448
31
2999
1413
20
1436
1548
721
12
47
879
160
51
4
133
71
5
1102
1435
10156
180
4381
64
363
5569
3
60
4
11345
5
24
960
3
388
940
89
45
1508
48
489
3666
1
230
9
8
103
447
3
41
9
1767
40
1997
8
1691
4055
1918
9
4
2630
5266
748
81
2998
610
3286
326
31
58
1891
103
100
11
41
51
293
115
246
1788
6463
119
532
144
407
82
29474
1180
61
1729
318
540
2
2
2694
38
137
3748
9
648
61
20
482
16
92
2667
77
2
239
332
109
185
1
4869
118
218
1538
754
473
28
28
7
22
2220
61
3
107
9
317
20
4489
57
164
18
1
6
309
639
12
7
14
478
2273
6206
10
70
14
18
1402
6028
28
27
1
38
589
142
6
360
12
170
2633
2009
1083
91
17
87
6
49
9
69
96
2400
15
1271
1822
24
1050
15
1
11
216
14
143
58
4295
16
3638
565
147
2
180
181
478
1094
164
95
8113
1021
194
1517
7960
191
2130
47
282
2
1
31
142
47
1
48
9
2
984
7
203
95
35
881
115
683
1
13
4005
3796
37
1236
7
1096
11
42
191
4420
1
31
5898
13
28
1008
93
6
28
226
22
22
49
3
2015
1484
72
984
5
466
46
21
30
182
28
315
1783
2
41
1265
55
1
19
58
77
24368
141
756
109
1901
1
2086
180
17
1
241
1
685
10
25
594
18
483
60
3751
734
1576
32
14
1
21
60
204
759
263
640
900
169
6
944
146
41
13
95
60
10
12
27
3
208
65
13280
208
3
10467
684
3
1004
280
8
8
22
94
345
367
346
7646
583
178
3803
1024
200
16
798
25
354
44
15
8
105
3010
8
55
138
4841
23
1
79
17
128
5
445
47
164
48
1165
15
14
152
135
362
17
3176
46
45
157
29
11471
748
1
265
461
594
19
3722
40
6
497
192
85
3
217
21
4
34
38
247
6
46
10
52
3
1343
16
25
933
5140
1544
56
254
13
154
383
60
1576
8
10382
944
364
11
469
18
427
11
1
54
189
1589
171
706
585
115
925
3
2
415
307
5
3138
33
2913
3924
1253
8
14
74
3
15
57
4
20
312
63
23
16
93
81
2341
1263
2659
3646
21
2470
1
278
1204
11519
981
47
251
2
49
5
4695
8
13
2384
375
33
37
463
312
2
56
15
65
129
3212
1
380
3
261
585
1766
3
203
3479
11
17
774
29
278
45
170
27
70432
55
0
123
272
169
11617
1
15
2132
5
1020
201
1399
4
47
61
82
1592
202
2
10
2438
24549
32254
55
7
54
100
1
422
562
22
1395
517
18806
13
33
22
453
60
9
6752
47
5
2989
236
152
4
5600
172
39
33
67
12388
57
2286
175
1452
949
580
369
2
3111
40
303
95
9
970
169
13
343
109
7
7
63
8
2930
1
5
55
16
390
340
580
5
16
60
667
390
123
150
2468
56
52
11
138
312
7531
18
2347
139
13
9
1
187
120
121
155
1180
4
1326
1
672
2917
1
1192
2222
108
36
8
36
30
11649
11
1
1695
4
198
411
2
12
546
625
1257
12
15339
8
7
499
6
14
99
81
645
151
44
48
48
81
2
459
221
41
5812
22
1437
878
2
221
4
186
554
21
44
298
467
969
35
4
794
5
1
6
1541
7
1484
5
437
10670
762
94
16
2730
80
9
116
11
2
915
36
21
1
33
300
18
6
1
2314
1307
679
595
300
105
107
1
499
110
1004
90
12
7
358
66
4
15
1
97
264
213
626
34
843
3976
13
125
33
1
230
288
5
1
63
2
1369
14
23
85
38256
122
57
106
568
467
1188
20
55
235
27
38
52
142
3169
27
1
275
8201
26
128
31
100
462
102
191
114
6
3
804
20
3839
128
113
145
586
1846
297
5
220
26
200
919
112
25
111
379
78
2523
138
109
4764
5415
24
146
2033
430
29
5608
3805
41842
8
6
140
104
32
150
184
368
596
91
4
1403
15
3
3
22
169
47
13
4
9
20790
1
85
2
733
4
34
422
223
75
90
15
61
151
622
16
1542
49
14
734
6367
52
293
22
37
157
2746
787
44
1314
104
138
109
6121
2
108
30
419
17
1
60
176
441
313
224
1
47
7
1
266
1
1156
277
43
12836
303
20
10
521
4185
1778
4817
636
12
838
906
180
672
0
1
46
105
1
288
1
2
161
2
8383
1909
1364
1808
1133
395
22
674
1067
209
151
10615
277
425
69
71
109
29
1549
2168
318
68
41
1209
3
3
180
10
422
2
1679
144
1199
273
34
18
128
4
12365
3
456
2913
4715
21
1836
765
15
11
4
2249
255
13
16
13
146
75
63
834
70
86
188
1634
43
1347
382
331
31
186
74
123
351
68
16672
10
2
91
13
2197
1
777
721
264
598
48
217
7
868
30
65
2103
1547
844
256
4573
25
372
4
642
1
183
25
328
18
4
482
17
2
1
36
33
4
373
246
147
59
405
294
47
7373
436
15828
659
63
10
140
10
21
304
10
153
49
3
2731
167
967
1489
5
2248
650
398
14
946
167
12
84
108
1739
4
348
1597
986
1629
318
20
350
39
1
214
15
417
4484
66
38
165
3
35
675
8
1703
5
433
1
19
367
493
2
34105
1
2886
11
626
1
24
75
849
12
2
1
8
2
117
294
5
346
342
247
2059
77
4683
4436
35
316
132
38
4
4005
24
102
618
1
22
1110
166
217
1
23
27
2786
47
1056
2
2301
21
150
336
38
122
37
1031
38
6
271
384
97
149
167
2425
434
4
26
696
709
488
33
139
427
2
111
2
327
9
3
13
60
28
12
1
3095
7436
103
5
5148
24
2670
1
1114
2
1065
207
81
87
26
293
85
1175
1
627
221
3486
2336
47
20
54
9
278
432
26
2
1
674
23
1
408
3872
24
148
250
100
56
302
3450
18
15
4
6
1
20
3
11
119
1528
2358
614
202
40
9
170
161
13
7
371
28
1674
23
191
610
31
58
453
114
159
67
3213
109
213
84
2
121
12
21
1
3
383
89
2574
1627
139
125
1267
1060
6
5453
11
57
86
239
1024
835
323
18
2377
104
54
21
28
176
8
804
44
1336
72
63
315
4020
57
80
4
82
52
330
3580
1220
528
149
1
172
2
1049
1808
2412
10
184
72
414
9
153
13
243
244
17
1300
296
4
555
738
2
102
74
976
3886
692
135
48
54
436
4
1321
162
316
1
12
107
144
258
290
12
82
12
264
491
41
1101
345
59
392
3
609
595
71
1111
43
478
2716
30
403
239
9
79
5458
1
181
204
31
49
77
6617
49
448
2
233
270
41
2
2481
8
1
291
2471
5
1533
761
3
128
1426
2124
2716
30
260
1025
141
60
7
2
1048
1077
12
4975
141
23
1
7
11
3470
149
266
1
2110
115
61
81
1582
45
35
10
10
1
12
58
407
63
70
7
561
1508
140
493
889
66
7955
72
104
1618
1934
7
154
6252
5
6
8260
821
76
348
56
368
265
91
672
1
311
102
13
1
2
607
940
1
354
549
16
2
5
2231
6087
286
45
24
63
909
129
11005
115
437
1114
850
290
130
53
16
5
34
107
59
77
1
109
36
19
15
175
35
102
94
2197
213
24
1801
50
8593
21
46
1
141
28
103
43
8
316
10
777
335
2153
23
6
934
1383
10
187
208
28
27
71
9
17
1
20
3
6
551
12
21
622
97
67
11
2
2
63
6
790
9
17
1
381
443
365
421
5239
8
95
29
61
423
1884
23
14325
11
54
983
1
6
44
102
12
5
16
9
4882
135
1764
251
1276
1019
36
16
210
2
255
49
3
4456
3678
318
138
3
687
1
1677
63
1
3712
767
5
4348
526
2
2256
392
838
2
1027
226
17
193
10
729
124
3257
373
2
737
867
50
1
27
1030
24
7
8
6282
1192
161
6
272
228
375
381
123
3717
383
1397
147
575
6262
543
430
248
104
739
6
199
120
35
32
534
52
17
3198
29
61
757
32375
56
8
20
1600
364
4
3791
789
12
562
81
245
1358
42
1237
9
838
28
24
26
28
6
181
119
689
7
231
294
41
27
4725
45
11030
99
1
32
3
254
2207
118
60
2
1395
926
412
14
41
355
66
353
67
518
188
26
69
98
7
3
15
123
78
756
37
7
1303
36
245
128
171
367
763
39
5
2
366
197
36
15
56
25
465
36
9
134
9
1063
26
6
369
39
33
120
323
273
496
38
4548
230
10
360
48
8
1
11
18
5
268
47
95
27
232
50
744
520
232
22
22
28
37304
17
21
1843
525
133
7
261
884
165
7
81
658
617
11192
0
208
55
30
1472
109
173
6
5550
134
36
174
31
386
56
9
188
257
33
5
84
20
33
69
90
12
45
1
133
4508
272
1
325
52
80
1751
564
359
56
82
345
53
319
885
569
5619
207
1305
5
817
341
751
58
10
110
70
507
18
8324
1
11
47
289
3
116
82
369
1312
26
29
3117
694
2664
388
22
110
47
1870
402
579
19
575
25
32
7
172
3297
16
4
1837
10
302
13952
323
2108
324
304
462
260
38
2618
1655
2054
43
27
368
386
47
569
217
87
15
2
1072
3099
14545
127
499
8280
5362
1
1149
297
431
1031
2
458
1874
419
770
483
977
166
264
2
650
190
17
79
15
227
42
75
65
480
114
174
2872
350
29
9
232
36
7
42378
577
169
261
308
22
43
56
10
1
20
60
1
3
16
4
956
82
10
3438
44
67
217
4
101
79
61
953
209
968
77
9222
599
858
694
19
1269
16
34
267
41
3387
159
14
4600
214
78
280
2
183
120
58
1
190
1
7478
3
1097
4
1628
3
1292
15
90
301
494
1
26
123
5077
38
46
615
1646
43
5
5729
213
49
200
23
239
244
181
248
6
137
332
450
104
113
1
2678
2972
40
4
18
621
7260
32
356
9
2
30
41
161
6
54
4
562
7
205
79
526
41
210
27
36
529
291
351
193
136
5
256
77
2
1715
50
2
27
6
236
4
29
2312
146
4
287
6168
253
14535
49
3656
392
2531
705
87
28
104
50
2
202
22
2
2163
2067
23
97
30
195
3
148
26
1738
51
1
3234
138
1459
12
990
1578
3810
121
102
2519
109
7
2349
292
299
9046
2407
96
16
4922
14772
2
34656
481
518
24
5981
7
16
3006
1051
326
1
16
206
75
16
1819
15
2598
161
38
591
93
8
18
33
20
1045
268
220
4
8
23
1085
146
4
467
3
1726
853
257
1114
40
4781
618
20
3409
526
15365
782
325
16
1289
80
1458
11
207
1
148
559
12
1394
135
443
3546
5067
4071
50
302
2024
6754
46
185
3
102
2426
2
18
12
47
93
949
1731
288
3
13
6016
1
14
3
49
583
2856
1137
63
5
19
199
3752
374
9
2145
23
129
311
25
18
177
2457
31
15
77
2527
63
1856
74
495
1
350
5344
25
962
47
112
1
123
2452
6
4
68
36
1224
2173
9
443
298
57
1447
26
543
29
6
22
2
11
320
210
53
4
18
221
633
1
5
19
1151
7
1573
61
32
1700
912
18
1287
3040
109
843
579
289
1311
2
18
21
163
162
36
39
22
269
1026
9493
37
1531
26
374
97
129
30
1400
1456
225
36
6
81
52
38
1049
110
8
25
778
203
223
79
9
10034
17399
3
1
1412
3
92
24
127
260
43
5
6
2437
199
5
9
19
65
1126
1
85
589
77
962
176
1
5
6374
2709
11
2
1164
4
12
144
10
58
1
751
856
85
299
45
38
1
40
54
98
43
88
2
9187
37
66
1459
684
4
858
166
145
106
18198
224
780
227
10
45
26
14
1735
9
2023
18
87
1935
762
29
14
29
6
1
152
2115
7
10
14
391
1838
5545
184
19
139
1
101
14
21
63
2905
375
19
125
5162
6
654
3476
6
25
441
595
35
6
1621
263
1
146
545
15
1
200
1238
53
21
404
7
177
22
79
755
2560
55
20
39
3
549
107
51
562
14657
1
3121
740
1
200
155
1289
824
81
7
412
208
80
27904
387
383
14
631
149
269
1764
451
1
517
2734
1252
63
93
134
1
638
4
21
590
24
52
2
117
1185
29
6
1
81
2992
189
1809
1453
111
2629
624
4
4370
9
5601
109
142
1
3
26
359
934
27
8
5198
57
235
194
243
247
266
723
412
59
677
29353
29
1231
14
1012
416
6373
1
1475
6
110
212
37
105
16
17
4
530
11595
69
6
283
4716
1003
175
10
9
1873
254
2157
3
1292
223
9
34
1666
253
61
29
141
494
706
139
63
7
98
12
948
25
71
141
828
270
3
56
41
2
50
12
2
981
1
1
1734
666
48
87
213
105
397
114
2
1488
7548
634
15
132
34
12
1
699
4074
12
378
13
6
1132
27
20
22
1382
331
964
622
58
64
6426
34
764
160
4182
62
113
248
5
2
11
105
1
39
2312
918
614
3462
494
92
178
89
99
8
23
374
21
2769
166
588
274
8
8
117
5
188
5194
36
25
67
55
6189
334
7
114
1352
510
374
72
113
518
55
29
175
1000
30
5
49
9
33
11
28
593
188
1506
61743
753
18
2643
7
2204
45
193
242
26
696
535
544
11
762
1
811
726
35
111
32
69
317
286
1
45
2277
4
4016
167
5
74
3458
12
16
34
454
1076
31
35
198
1082
9617
1
6
10
8
14
313
478
3620
24
130
1707
58
6
54
1
520
1052
9
6
1365
326
214
1042
30
769
514
92
982
18
1135
147
2034
419
3
153
148
1008
8
903
2079
42
3064
6
2
264
1
178
1578
1161
316
15162
11
1
1665
53
1
21
4214
39
71
38
31
1
2784
7
9933
2465
42
10
3
806
52
108
9
1289
31
290
6
0
18
61
40
237
3
821
45
2358
123
13
642
153
1232
98
49
182
1105
40
17
404
120
57
45
12288
1548
574
48
130
96
60
27
2
286
37
65
131
694
7785
24
3056
45
78
1
2
7
23
140
867
231
498
6
5132
41
1248
12
1040
1
230
116
4
7
3
2
1107
5426
948
500
1815
8625
159
19
319
18
410
23
259
2
801
4512
6
38
23
186
561
139
163
701
3
1
59
404
62
1
76
12
7
455
18
194
44
6
369
1393
18
49
258
1
66
74
2311
0
881
1
121
18
410
325
168
470
426
487
1
1039
49
69494
137
395
338
4989
707
6
6938
160
26
84
1276
1209
2
1
194
41
3
20
35
20
48
1049
4
477
2058
24
2
1
525
33
116
117
35
127
18
68
5791
2196
2311
15
1757
0
980
76
2898
14
124
1847
2
1
577
849
98
2
29
614
14
3
550
69
5088
6
322
15441
960
96
44
1
50
987
449
3070
739
1
61
8
345
6
113
21
9432
182
69
91
1917
1337
96
299
1018
76
2193
244
652
8
1416
143
348
539
58
784
27379
43
765
671
1
214
760
33311
5
586
8
348
5
283
619
113
44
4460
1112
92
664
96
35
447
653
45
187
121
34
1896
14
5
9129
257
1034
96
106
356
342
52
815
301
135
773
405
7
9
190
46
690
668
40
558
70
3
3
106
1
56
77
306
1084
330
1136
14
2
178
413
678
8
58
8
44
10431
51
224
1066
824
5626
36
3
677
3703
6247
1
119
2112
5
6925
158
2
20
86
464
43
15
20
162
1
203
96
5176
621
937
1207
146
336
81
12
3
10445
389
12
1477
115
2
14
5
113
233
380
91
2
242
4601
43
1234
1491
558
0
355
14
28
337
228
569
1
337
1
22
1871
103
27
254
4
47
9
805
68
47
775
599
248
1
159
10
14
121
191
25
14192
27
667
388
14
27
45
91
3
110
340
964
8277
4808
42
1626
245
121
55
383
946
5
3
398
203
9672
4596
16
16
1070
27
15
186
534
1
33191
1095
118
2264
2
1354
99
56
52
426
51
10
2436
128
5
274
139
751
93
68
30
2401
40627
10811
5272
6307
15
70
2425
1
6
297
41
9
1476
3948
202
933
2
17
524
56
77
38
51
1
757
48
286
95
849
237
20
33
157
21
1804
3
351
1136
74
15
588
8
11
55
414
665
35
146
662
46
268
560
11
3076
764
57
32
390
16
5453
16
228
6
58
136
203
1208
2
7068
13
37
100
5
15
115
1
1
8
423
35
388
67
770
863
13
668
8441
599
26
169
16
129
1665
12
39
25
847
8
8
1925
12830
8
4
3727
723
974
1453
184
127
222
83
183
1911
1144
521
1147
39828
608
4000
505
26
1272
3777
928
116
19
10682
111
69
762
115
9
5
216
947
8
463
148
493
187
1269
170
758
6
36
4551
237
62
226
17
443
20
2533
53
40
292
218
411
134
1
27
12243
95
251
6
68
17
1606
135
174
16868
6
221
7
441
1
1330
140
61
11
51
353
323
24
24
59
116
294
12
1011
14
8755
42
269
140
219
530
102
4639
332
132
113
97
23
257
1
22
2
24
33
697
3
10815
32
289
1219
64
773
31
29
9
356
184
804
4233
1558
102
117
3
84
1412
10
4
77
428
474
1
239
48
24
2
2587
64
49
186
453
1874
365
10
52
9
54
3162
936
59901
2606
52
82
21
1601
12
121
305
486
4114
25
8
71
1
35
309
708
2359
20
2
298
325
414
1
36
8
621
33
3546
4
42479
185
12
1
270
189
226
38
36
72
393
181
151
23
32
19
188
1
129
867
2873
625
1669
1586
9
1503
56
94
69
1568
134
170
277
496
246
89
3
143
64
141
60
12
1102
308
158
70
14097
3
27
12
830
8
630
665
1
77
2900
5487
2271
37
1139
150
1878
74
209
516
1186
175
7368
9
272
3
1
3521
1858
20
1809
14
85
6
12
27
144
34
4
18152
179
40
14
1012
287
132
157
13
2181
4
11248
636
7
3321
1721
1
18
1187
12749
53
13
53
317
64
92
54
9
1
2321
626
49
17
2553
104
47
5105
74
1866
11
12
285
12
293
1988
80
126
4225
2
4440
47
82
382
1151
739
16729
79
20
1366
12
1835
428
23
18
63
1518
98
429
195
1143
1
2651
210
1
6745
5
2244
3
697
55
5120
2733
21460
6596
532
1386
116
1290
57
1144
2
35
13
1
232
9
141
1
0
373
2266
311
35
10
80
515
26
285
1
1186
73
679
10
31
6
33
1115
3
2354
369
2139
6
749
50
2159
280
26
194
1
139
824
2202
51961
1549
1318
1220
73
4
23
1256
32
75
778
456
155
30
807
7
414
150
59
266
71
297
57
419
2556
59
11
318
8
116
2617
196
404
21
220
19650
2743
3770
331
8335
176
11
37
5
1
5
14
7
4
25251
43
2
24
12
1123
814
162
796
36
1563
13
2016
1207
101
23
2575
155
524
584
17
14801
229
10610
6212
2755
2785
64
23
681
484
69
390
618
44
27
13195
90
1095
57
395
4
207
19
185
138
148
65
1431
0
49
202
364
108
1949
14
3
10277
15
1545
60
6
1427
1
28
8
367
28
340
4434
19
2
3
246
2
1142
7664
17
1
1581
982
5
10
148
384
4
3
44
1527
9278
810
291
977
3
948
8
19
1460
236
1917
168
358
280
137
200
65
1
36
40
1437
34
6
1591
2120
3
53
1
315
284
42
76
359
1638
4593
2
150
434
564
21
537
9731
349
5
441
48
228
49
260
1
501
22
3502
7558
99
78
225
11321
3273
4414
426
5620
346
2218
45
680
16
2
1054
13
10
629
337
9121
24
1956
30
82
1188
15
19
4354
6
955
218
9
287
262
319
1323
37
283
10
120
4623
1
220
57
5
246
848
1250
149
49
17
2
66
272
1
41
39
1464
110
2929
126
2870
231
30
36
1400
640
11
267
1
115
281
24
423
212
80578
3240
2
2
3
7
28
1857
283
845
186
18
199
490
14
518
4
43
808
32
3639
20
23
139
106
32
11
635
4
2105
94
27
65
4
145
24
130
87
8374
2013
11
23
96
9
20
881
15
10
16
1
2
936
152
63
16
598
263
31
269
978
18
81
4613
2
7
11
208
1110
46
776
16
959
466
48
80
617
1
499
184
3292
105
6212
33
0
891
15
6050
53
438
127
465
196
444
15
181
4
25
704
1260
2
22
9
53
1
1757
72
4
2
2488
258
3769
3
364
29
701
378
1
827
10664
455
1727
377
1381
116
65
674
47
5
9
126
1048
99
1070
2210
224
1
338
5499
11
36
1324
2676
148
479
101
3430
7
30
24
485
2939
1315
1850
11626
43
456
74
270
40
1
291
7426
287
3
5
460
91
1189
3982
34000
17
401
360
317
137
1166
1
2
462
27
20
278
98
54
23
1
6
661
222
214
41
436
751
2
356
197
282
200
111
1
18
99
15
115
124
147
116
94
46
1269
2
599
729
51
174
56
4375
129
61
3
512
16
752
175
95
183
114
61
391
22
235
3610
14
1334
9
7
1576
5
25
158
976
1486
216
33
138
10
24
124
2458
46
2
53
210
24
23
41
86
43
62
1408
1605
910
29
955
33
1278
5587
247
2071
41
3189
1
3
8
3
19
3
75
1284
85
40
6
357
9
2807
3
41
594
322
352
85
2197
368
69
84
1193
406
260
431
419
1089
1318
37
35
9
350
615
36
850
12945
254
2239
84
20
30
2633
428
27
370
117
307
7038
1932
145
31
2255
586
577
2
2255
66
36
1013
70
514
1479
231
537
121
39
4
363
4
8
129
1743
1256
10010
4341
5
4123
1034
24
8268
381
247
70
187
2053
72
72
3
49
90
925
233
10
46
48
2
10
90
526
2390
4503
9
57
337
1150
977
35
66
111
1634
49
127
139
536
222
81
1533
12428
47
205
1004
585
2924
406
42
137
1
339
49
1437
72
3653
99
499
468
134
3
2788
13
1030
220
678
17
8
754
675
917
2984
1041
2295
1362
915
17
445
1
1997
91
84
3885
5
40
199
1
3
24
96
54
138
1
84
4122
438
39
7270
5
1526
11155
1
22
65
221
6
637
191
103
27
337
1164
98
155
49
1462
5
1309
24
50
87
35
1
12
93
7
107
64
7
5
35
303
20
38
23
32
20
2552
4185
19
3
5902
264
1908
1
3
69
579
75
23
1803
1779
15
919
41
163
1409
927
19
9430
18
2165
2078
198
209
8
27
32
248
70
566
538
17
853
514
2
9072
7
903
465
188
34
10
41
136
17
233
7
74
4113
54
3443
481
357
9
676
384
1112
39
67
23
6
87
187
169
30
1345
1857
29
310
673
4321
2
96
368
509
97
186
54
11
49
247
35
1
243
7
43
1503
9
128
776
51
3
219
301
1869
108
74
216
205
887
914
13
826
1429
71
371
2
155
19
99
767
47
2133
2301
297
26
202
6467
1
3680
1074
115
819
54
55
147
12
249
52
14
65
734
1562
8
33
17
723
71
1520
1318
757
13
182
46
682
3
48
408
1117
554
68
85
35
58
68
4
15
30
217
562
3
292
2
253
53
52
82
88
9
73
52
42
1480
6
2199
82
37
4
30
73
60
4
4
21
331
926
4
23
12
2632
6
291
2
1446
588
159
161
5249
2794
8
18424
36
337
1426
18
588
20
395
12330
3919
233
2035
507
700
367
8
43
279
38
213
1
108
145
1030
647
138
14581
1
209
1
50
2
15
173
5
488
1
6
4827
9
1415
583
2887
1
694
366
304
1
93
9
19
174
291
9
5
635
50
259
5296
2162
471
9650
13
36
24
4
13
4
2369
11648
13
20
2772
416
151
8
12572
1885
15
646
215
619
236
244
90
70
6048
708
2797
594
0
25
260
3
4
5258
115
17
273
13
147
439
1118
13
389
400
901
47
5205
80
4
118
55
2
10
1
3
2
15
34
11
23
212
352
69
1750
694
37
84
14
110
6
139
1244
673
195
4
173
27
1372
744
188
2958
7
64
31
174
97
6437
1081
334
357
1
17
4
16
142
36
205
4550
1
1847
679
903
15
125
3216
3
18
330
51
8006
3364
1262
449
53
2
4
234
7
784
203
304
2779
13891
25
1
6
5
765
17
96
1238
17245
585
1
704
4
103
104
41
21
760
11477
666
1397
162
309
526
557
7
2729
1
1
197
177
3499
24
54
42
1
2191
1077
1446
10
808
786
1
215
33160
187
364
5
145
509
566
4
266
929
41
59
3
194
251
1
151
154
735
1
629
7106
25
145
457
12
882
7
4251
25
2
1
3
63
2557
27
55
23
58
1199
111
199
28
3447
13131
3
3
3383
30
360
13
2
38
31
901
4825
1
1
75
202
1
5
183
272
415
136
16
1
407
142
37
13
762
21
363
3380
30
985
1
8
33
127
2845
2270
1152
207
12
255
12
29
100
18
135
3682
1762
17
1152
12
2133
1
167
119
1197
8
214
739
233
248
45
220
1083
5978
1512
22
2
5896
934
19
4809
4364
116
37
3057
308
19
692
1007
6
1
3288
310
651
2088
738
7976
1
6
1432
39
3
38
52
17
3
9984
27
736
2
1
408
1
3
220
772
491
1
595
80
789
1001
146
0
2856
41
6
428
6
51
1680
1
1255
38
156
17
310
833
51
738
125
2
14
109
4
0
298
26
43
1
574
57
7
32
2516
133
227
1
497
3
32
417
1018
148
2
397
11507
104
327
415
8
17
74
1087
1239
55
21
774
1311
3403
2
2711
14
365
370
42
1117
7
38
127
3967
397
12
10
1
1
258
937
1
8
919
5082
96
15
219
55
99
16
25
9
186
22
448
233
5
1080
451
739
2763
27
3264
1439
6
1930
38
36
139
2934
3
245
202
27
29
8
101
1808
537
7
1251
50
1008
132
1566
636
8998
605
1226
8
31
420
4825
1760
47
10
212
25249
954
315
41
397
1076
119
324
514
3
10003
936
94
2
571
374
3328
98
846
3
17
18
195
1216
146
1159
3935
754
397
4733
46
63
5476
1
18
2151
2393
62
51
5
224
10510
444
64
144
11
4289
6
13
774
96
1
149
726
3
8
487
5
227
77
118
154
306
2
6417
161
1616
133
408
48
3120
2146
2
127
57
493
10
1
2087
965
551
4
69
165
11
5
1360
63
993
4
50
10
196
41
42
16
1827
2
11
54
26
6
465
12
1468
19
180
50
1
9
709
10
58
28
33
240
25
27
2768
1290
2456
272
48
3
30
120
2133
16
300
4
24
0
138
48
1328
118
12
237
354
1329
5
1426
25
366
285
11
638
441
962
4
4093
188
24846
8
8
108
1288
10
412
186
53
11
19
31
14282
801
224
2
14
2047
20
5
272
1609
1380
236
3
521
61
3674
53
6
147
67
1147
89
596
2
299
174
22
260
3095
4
2959
3
598
245
36
150
143
2
1489
1611
281
14
17
38
3373
14
2362
25
115
948
27179
11907
4
823
79
6
12
14
830
6
18
83
53
850
46
75
81
209
125
4292
267
47
2
78
10
1
7078
2
104
3306
7547
3
31
2
29
191
4
20793
54
1479
5
78
606
8
57
1803
96087
18
642
140
4
1
988
159
1106
124
63
17
75
96
5
1364
217
493
148
12
9
258
10690
14
36
2387
549
745
89
1212
65
332
40
281
1
78
2086
157
200
1003
61
20
3676
2623
1
333
19
218
2819
480
1
9
100
29
62
107
6
120
46
36706
677
283
12
2378
2561
184
143
4175
6
29
48
347
52
89
19
3703
1856
220
8627
4
1428
3355
1
776
757
1735
69
62
304
59
11
787
2267
111
1
321
9
112
130
211
3
152
2540
16
1036
18
30
3949
38
221
859
139
124
42
426
1410
1104
380
77
26
34
57
57
82
315
602
198
388
2
827
118
2
687
119
9731
53
51
5
1701
78
76
29
621
91
6
2
156
105
85
1168
37
6907
4
76
155
1284
1
12
775
3817
438
10
129
24
1021
1
96
21
66
75
967
2068
1727
132
1
185
15
1
38267
18
1
374
4
101
591
117
15591
99
73
18
152
4448
620
467
667
183
18
8
802
8
158
1246
2140
17135
38
588
2
5
9
78
649
96
186
3
818
2057
1
90
1065
22
4430
49
88
5
32
76
50
1459
47
1417
14
254
110
655
1
332
400
97
3
16
2
1784
2
4
12
34
78
2
20
1097
9
25
518
45
1
1
1
8028
48
666
110
8
24
592
29
1646
796
654
87
4242
2570
8560
389
438
1725
61
2428
32
2
13
827
11
162
35
391
9
5367
34
291
904
420
279
178
505
40
546
153
7
988
10
73
37
128
3674
11519
159
502
423
10
1762
1717
135
364
26
1017
2663
842
491
111
246
1270
104
10057
52
9
5
33
125
7212
25
12
3
18
49
1
11
11379
1421
161
6
1
3246
2
92
206
8
45
147
118
426
1504
149
135
174
32
286
243
29
393
83
8
19
5817
31
129
3
171
2
478
22
113
1061
362
1
321
4922
7301
12
118
2287
147
353
22
87
33
83
127
67
2
195
1258
480
516
45
389
93
216
720
237
26
298
47
57
105
3
17
39
160
1065
277
6
515
3
13
42
2
16
36
2819
1231
271
3522
233
1
289
66
91
68
1151
204
8
49
763
12
34
27
463
1
78
6
0
125
24073
759
1534
147
1
11
2944
334
5
29
18
172
12
34
9
798
18
771
18722
17
34
27
1
31
111
55
11
130
79
837
311
283
13383
94
687
28
24
6
44
36
17
967
61
1100
85
393
1
5302
12
79
94
61
234
2161
68
15
157
1
16169
311
9
740
1063
2
404
12
56
965
44
30
69
107
22
42
30456
1800
44
28
1573
12
68
600
20
62
77
607
479
559
219
180
542
78
6248
44
669
55
184
16
293
48
2021
124
31
361
203
3
237
245
108
75
701
13
1
18
815
155
103
10
15
313
109
1624
1
288
158
8
5102
6776
256
228
487
7606
2424
145
1307
368
3
17586
274
55
4188
434
1071
46
32
57
2
2724
160
1229
46
1972
48
225
98
1075
73
1330
1568
240
1001
1377
143
8
72
4
59
191
2028
134
17
41
1844
2
3216
405
561
1
37
7825
113
86
6012
1873
34
1061
46
27
2
48
357
2656
4661
110
31
121
2
298
72
17
7
15
106
1349
176
94
308
15
554
2132
1050
147
964
2
2173
5
21
214
1
3
2861
7
49
34
30
77
175
63
44856
13
4
254
29
1625
9
501
201
349
67
112
39
169
251
6
16
2435
10
28
591
451
29588
38
66
55
185
727
1018
340
6
865
23
20400
31
9679
61
166
13
1369
2
41
95
78
52
4108
762
9
518
367
1337
129
4
41
12
3299
24
1195
204
5
3
17
113
11
24340
31
1479
335
1297
850
328
25
2535
13
1
27
2
8
20
175
141
117
17
72
12484
12320
12
483
350
274
3
992
295
40
16
43
1350
71
85
5196
2539
1383
1
70
4
13
369
795
69
18
42
20
2760
175
4
37
52
121
2
483
42
116
45
127
1030
5059
3
179
7
1375
2
40
2
2
141
1
45
736
4
69
72
5
62
93
66
151
2
3
904
2620
158
325
33
2595
780
28
545
244
468
4
693
13
977
1399
21
164
553
345
1507
974
314
664
9108
835
90
368
128
1
56
3297
3
690
8
71
33
2051
63
1684
6651
1595
30
7
225
3946
973
67
4
70
2
8
3720
389
1
6
2
1
2
31
603
1
189
2
2
1980
1452
375
209
28
188
1972
62
113
32
376
1
78
3698
57
24
898
28
77
21395
1200
450
19387
4
364
53
676
26
14
28
10
2495
64
6
6266
52
2
50
163
74
566
783
51
22
74
458
13
1
862
15
4
24
338
2909
64
6
1470
469
1
574
11
68
54
13
62
1
2419
1
4
21
2
2504
4479
4
1316
366
131
127
177
307
683
102
10
111
4
138
1
29
43
55
446
8712
2333
82
210
2058
21
22
4
1175
3901
537
47
244
2
3093
1
12
3098
1086
13
70
2
23
20
546
387
810
2
8886
222
5777
45
2847
15
7395
367
18
33
18
246
164
3
1088
677
21
45720
743
12
2
185
1
692
601
6
35
766
41
3160
235
1187
35
3
1666
36
279
1218
1201
167
832
5089
50
73
548
6
142
154
185
69
1
849
30
29
165
5
21
2000
4
1949
3439
66
1263
44
106
11456
373
3718
16
114
9
26
65
4
1894
510
441
670
42
7
71
271
219
742
24
682
21
10
12
35
2
27
1
3058
1979
624
5
710
28
3
351
6
15
46
34
2
38
51349
87
5
196
600
487
8111
1
203
288
202
8
747
98
116
24
2
2015
123
53
2056
57
2
2767
1055
184
3206
210
29
46
120
77
178
1188
240
5
247
513
639
1614
4
333
2083
20
2
174
527
907
1300
13
1
223
262
182
17
242
110
126
1753
213
41223
102
4542
286
43
780
603
35
994
1
339
49
3
200
1169
6
2672
92
430
12
17
3
240
4
2870
13
38
19
38
13
25
10
5
55
1
28
290
3302
408
157
818
2972
601
1104
171
18
97
605
477
381
11
1350
215
221
183
41
2263
40
683
200
289
265
168
27
602
839
43
181
9348
85
3
8
1
943
275
134
10606
2052
68
183
875
462
1
1
4212
53
6
4973
0
4
2547
27
426
284
70
689
1
1155
30
1393
13
14
2
1
225
353
1434
25
1241
5052
33
565
16
57
1314
1
84
29
31
57
3690
7
201
64
222
2013
96
492
57
63
6
206
34
47
84
14
2
1274
3
80
590
9935
40
32
18
482
726
3
4545
1
604
2140
412
114
971
1810
657
1
43
10102
225
51
1733
7
156
9
508
553
2669
141
2952
101
7
34
6864
85
211
442
322
84
547
8
50
7
233
96
14
378
228
2
10
5951
19
305
1
266
316
100
521
5423
2938
1869
265
62
153
27
2233
61
1
3440
765
20
40
41
528
84
508
6530
1
245
3810
670
9461
156
1651
642
30
16
692
5230
134
41
1273
2814
439
249
1068
5
30208
579
945
133
1269
3988
1
151
7
976
112
375
1
149
82
689
188
52
2
126
299
52
5
135
4
4
212
1509
184
294
3454
14
5
4
1426
21
266
27
2574
19007
125
9435
5
841
1203
46
23
9
1743
10
4
30
11
42
896
2
5078
6
25
404
6903
3817