368
1702
101
34
799
279
702
564
613
5694
505
2222
116
18
539
314
2864
15326
167
12371
5006
17
657
10609
199
5
307
1251
97
116
1800
505
1252
152
3276
257
882
95
77
807
253
12193
2106
9694
2332
166
54125
85256
24274
16413
198
34
5749
25
1
356
697
170
4808
71
396
343
182
73
1441
467
729
8831
931
109
78
110
903
13311
2845
39
2594
1909
11
72
259
15
317
2668
376
77
41
1611
12396
6015
480
2398
243
4194
706
115
303
3067
13
110
1341
1250
645
82
1068
7776
670
147
1319
1288
83
98
116
2768
14629
120
207
24
274
588
183
423
7430
22706
2543
2267
1145
342
1240
27
3205
5217
197
3272
868
10741
25
1983
5566
823
28
4448
37
1304
44
2432
195
489
25468
4
5375
417
4967
3272
835
1485
474
7167
191
191
713
41
12084
340
233
409
243
9309
1058
63
6668
151
42
139
0
64
9
108
1742
20693
648
135
5213
2956
799
199
485
14
7260
586
538
53
94
1849
8470
843
60
52
883
8083
420
80
733
50
2248
462
64
17619
6746
663
23
154
823
13585
1969
56255
3453
3383
3942
79
1686
7166
1163
1538
772
2356
253
49
10165
853
93
358
65
76
5477
1096
418
275
24734
561
4
2812
3986
78
918
10651
874
2741
1099
905
1199
71
504
260
2572
87169
588
130
406
13
664
557
363
486
116
2632
1025
9229
12773
845
130
3214
3086
7506
1497
6
1199
4003
10791
701
2073
130
912
250
2888
54
6937
66
4507
559
27
7
183
406
186
117
45170
8
572
4141
166
3028
34364
348
8631
160
1118
338
719
616
112
47
18
4865
1433
14161
126
7216
1309
2814
1037
10027
211
213
5515
781
12
8137
29388
784
714
133
20
982
219
237
378
61022
937
37603
29011
4243
192
87
177
1945
9331
235
11
84
6
2630
594
398
4001
1697
248
4459
227
4439
17918
585
4011
1756
23657
579
1099
199
2266
901
1502
8381
497
37341
947
110
120
316
4703
54
137
3424
14440
656
322
47
54
371
2490
549
165
3705
3914
10155
2069
199
91
217
2137
600
17422
13269
26
328
517
53
2037
795
465
10
36
1621
157
30
343
416
25
10075
9735
629
39000
318
5243
132
1088
545
199
47
37
56
11932
16072
225
6831
20
480
52
1773
620
27
288
15
9348
1322
60
238
1018
1169
10843
1591
2198
130
1788
14852
3199
2837
304
2367
5799
259
149
463
477
26
623
6005
1636
3164
507
1312
167
633
340
203
1394
25
335
15
18
47
936
104
434
33
183
1283
208
70804
589
1541
1651
178
679
6
1061
958
24104
30
202
6504
0
80
2036
814
788
751
3522
2456
243
6890
2802
45
1774
2612
26701
7246
553
1901
1502
825
843
10
469
285
67
645
5685
284
1275
179
898
595
1325
7881
1435
15
275
1425
759
1823
1790
773
3120
212
164
3161
4102
353
81
18
4010
2424
1770
1493
24891
6062
465
455
5380
43
163
637
1178
1405
669
2274
824
24
7518
8936
1527
514
2852
3433
632
345
640
653
1395
385
13296
654
2004
12
881
8553
4852
2114
401
553
564
88
1139
902
67
33
782
493
150
179
121
776
205
2569
8166
304
5882
1921
832
347
4076
266
6008
1122
44
392
12
34
108
95
292
68
51
145
61
270
3612
7452
304
425
197
30
51
1185
1999
289
732
581
257
239
44
3496
104
778
958
781
165
8797
102
261
2646
773
60
49
4181
12643
19
1218
323
360
133
1735
185
1511
163
15
234
5137
8642
399
364
519
140
1413
98
22
55
1463
1142
1337
1267
735
748
8937
14734
3231
239
20
161
1858
140
162
9807
452
2011
6
164
605
4187
636
65
61
50
2738
1870
10411
144
3211
2031
41
170
487
2505
47
768
3664
8295
417
1258
418
3424
108
43
160
1787
112
632
27
228
140
7021
5485
1383
308
739
190
46
2863
16235
465
14
332
298
741
13861
1348
1300
362
2416
1841
30
725
12239
459
1788
368
93
64179
1061
40327
30
3566
2148
1828
208
354
96
2153
4
617
88
8442
6
36
2202
1270
741
12914
11
3058
3965
694
914
466
51
579
807
10
3280
179
140
4234
286
1317
169
194
149
1662
173
92
17
154
7863
819
51
137
2044
2084
2193
85
6871
8791
478
7497
2856
83
77
1033
35325
2868
128
9221
67
49
42
3445
9042
94
664
772
84
129
842
1475
1612
2579
116
75
67
5672
267
93
25
778
474
17
504
5
171
197
13
49
144
3571
425
671
2812
4
587
526
204
3209
19966
4257
932
11944
273
52
48
69
418
13778
431
13898
6526
178
9115
4537
431
688
3123
583
34
37
4473
570
14
8
944
1506
16
41237
7414
7
351
430
15
372
2925
434
3259
1711
10184
64
7617
50
1766
860
203
2746
4
2100
12855
23549
1298
14
1325
15
550
9
1340
345
10251
27610
338
33710
1465
2202
1016
569
479
479
2750
13808
509
285
879
5448
37
52
33
351
92
2175
2
541
981
91
20027
192
186
483
1611
62
8103
815
213
8402
1150
10492
308
2790
125
284
149
65
77
29
125
4961
2243
120
404
4817
52
573
3123
692
242
1950
46
236
480
513
6705
148
380
38
300
10
1013
4200
322
614
110
133
31
3818
2071
604
15324
359
63
910
221
3509
75
582
308
191
53
59
49
2642
91
124
14876
711
1480
1805
5761
41
130
202
735
351
919
16
223
21347
9566
191
6311
337
7195
91
713
1387
7499
1200
713
24695
471
51033
693
385
1397
293
3624
18
550
497
596
991
16
1948
4594
1924
1277
608
837
270
5458
231
134
185
82781
164
10587
30
982
1185
24
1658
2100
13648
845
2430
188
2852
235
55
1812
237
8845
4168
188
289
0
196
189
44
24
4107
629
356
1093
2292
2837
131
44
1601
541
99
239
190
66
2581
1421
61
485
19
43
5997
174
667
113
4
13122
1536
508
88
356
130
290
1668
2
14155
21
49
4990
124
1236
2837
431
53
231
116
1519
195
838
13
294
18
719
911
1384
79
5276
1603
9929
1794
52
4968
259
1315
97
15
673
159
2789
1830
722
3482
694
236
22650
35
7
35
434
17743
175
259
3724
3711
1804
1716
866
654
3303
1251
68
237
770
1125
507
3204
646
7
231
15
1059
2625
21
760
4210
420
34224
2025
1281
146
208
339
720
48
71
90
2270
38
259
259
4287
23571
1996
806
99
7
6291
197
73
148
8
18
346
181
2897
24
7200
69
5175
379
25
379
2206
21
1935
191
448
200
42
1531
14085
192
2447
197
4578
115
894
97
48
3140
90
1905
4732
334
147
89
10033
615
2286
154
3663
190
556
8866
319
337
500
163
1429
752
121
3357
169
73
2084
391
1330
1110
1266
125
506
96
6
4834
229
4252
36782
891
155
2883
547
8
731
56
93
29340
120
623
1803
724
3297
65
188
403
275
209
623
488
77
1860
10052
30735
528
137
155
566
33
34
48
34
496
204
3040
16759
910
94
12
249
7056
50
993
2168
520
2801
3669
484
1372
7762
1403
6
192
194
273
23
488
595
70915
16
4956
33
174
2395
1491
119
108
3542
1566
419
246
956
775
673
4100
394
643
13778
5547
180
26
131
3263
7125
4382
2299
332
343
1117
2449
8328
548
376
444
226
36
149
5118
6
10
17
6
264
268
36
302
8752
1358
82
609
97
176
12
11
774
2031
54
1999
125
134
696
181
22
16
313
241
6138
200
2305
1763
226
2361
39
198
51
271
746
1242
1450
2901
201
626
792
618
3113
150
3671
547
5
4158
533
982
55821
512
252
141
1628
247
761
173
1687
468
10892
1018
200
510
6
341
394
754
1826
42
194
322
6321
33622
7826
47
121
388
257
933
629
630
14360
317
2881
29
863
449
100
963
550
2833
405
237
15503
488
26811
2720
49
407
512
1746
267
3447
112
339
321
922
10
383
981
363
767
193
0
123
50766
272
1617
26480
525
73
171
1747
1178
36
1196
129
42
540
273
6719
31
218
237
1573
167
1278
1053
1320
741
1805
105
97
256
37
176
2127
149
328
726
965
153
5222
17366
2780
8649
7400
5145
504
572
529
1628
14301
150
492
1858
96
1514
661
6688
2045
27888
2417
8132
60
595
53527
622
279
4537
6
11
1769
7511
1098
1495
4319
951
156
1185
132
17655
1143
590
3098
939
323
13925
89
99
69
6
8552
706
4267
4014
10
31
32
48
1017
316
205
297
1919
3383
118
18
382
1265
2635
939
52
1548
4
28
630
241
653
184
17481
2223
145
432
1076
389
6623
1111
12326
626
32
328
437
21
243
9223
4729
12134
1422
21
102162
503
1041
51
112
407
852
5005
60
321
11180
31
6
36
20
783
1933
368
79842
103
1526
546
10
956
269
199
104
4360
201
7386
268
672
40
336
194
1
4
225
400
11
10925
4555
446
643
337
584
1112
88
440
1996
430
158
2001
92
9966
1226
9269
437
597
3743
150
80
39205
107
1583
14464
4472
81
5924
89
676
47
700
713
3432
143
335
1414
3224
1048
726
3
267
340
2053
304
60
9813
949
711
164
311
2222
3540
338
1257
2574
38
278
619
90
144
64
70
363
103
1281
13691
85
20
7262
25
6596
149
198
375
11
2282
2847
3429
1181
784
208
593
52
48
1769
16809
279
4481
266
1845
44
27
13
226
22534
51
25
3240
2098
658
24
285
35
64
175
1680
2088
448
7
1191
173
763
108
1
1340
2041
132
16
158
999
304
541
251
223
13141
7885
8
186
288
78
738
94
15
5496
786
95
3586
797
1475
52
1478
2033
1179
38
14
5055
2481
833
6857
363
398
2543
35
1341
12
51
495
4644
242
117
4189
7107
43316
4191
10
48
293
193
13849
1962
254
45
182
9192
354
828
2993
696
1968
80
1631
13066
12501
100
3706
1640
14531
6334
476
257
12
2433
14
1584
2
60
23
558
127
2907
3394
70
26774
461
1332
1280
1464
147
1204
394
208
79
5308
276
56
12045
13779
3278
145
32
525
5922
291
9608
2549
439
1478
8
7700
6642
365
12
209
165
363
110
169
16
17
2683
972
3136
5099
278
4830
266
8386
8
685
1433
349
46
62
190
26308
2844
91
61913
5289
127
37
64
1155
125
11
334
106
28
2993
1280
1078
4786
173
143
16
8305
1282
1530
597
122
3
13
1892
84
2347
47
551
2368
863
74
951
5225
368
538
536
1514
12
2878
313
370
851
582
138
1496
5048
2043
1134
2424
1846
598
3393
241
28262
5
1426
9599
57
1994
306
62
250
224
550
837
202
508
821
169
1067
18382
991
4285
386
334
357
77
707
6058
58
460
1235
2240
10330
2144
3811
3269
4093
5482
367
825
272
61
141
197
742
65
3637
34583
28
2155
6775
10416
28
6895
40
1201
4698
953
610
236
105
25152
1172
183
3467
760
687
759
570
359
195
3693
53
38
2223
152
51
922
94
11861
745
19
1234
5915
700
27841
1491
2623
262
1035
9470
314
157
216
639
3088
781
582
62
69
226
10
251
301
1010
79
264
1931
1126
530
16104
146
193
270
4021
519
27
1591
524
74
247
146
230
853
5
338
45
8655
243
1451
110
88
25
139
17764
1321
21001
7
48
243
7
4182
57
942
6444
184
343
870
72
1001
3540
1135
1100
386
496
1056
2813
62
10
6081
1636
9252
608
2387
845
401
1447
196
314
118
6
153
59345
47
5890
6117
5362
13
1282
147
14368
1891
19218
506
33
10598
430
2566
182
5958
409
201
17
197
3712
1546
2345
7744
266
393
13094
264
188
8
95
323
16
1690
200
311
200
14565
17114
170
20
142
204
7
2164
104
381
5823
30646
107
8974
1891
625
11423
1323
268
833
346
7024
1267
328
465
791
382
407
3216
88
229
1569
347
10716
747
618
23347
1051
247
2689
1331
19728
82
931
833
260
52099
3249
958
213
8710
335
8347
329
269
58
1031
110
149
108
7994
1430
224
972
638
2607
11059
176
1433
44
3769
3267
1411
3867
2917
1738
167
14
356
973
91
19324
2050
285
3636
2459
46
374
676
95
16644
8
1742
1771
183
2059
356
541
150
7936
209
967
10835
93
159
7656
335
13
7608
256
2089
214
189
128
344
3487
4526
5361
2527
395
2705
1857
2456
15160
261
44
5458
14669
107
149
37
1075
616
4
219
796
649
998
2066
170
772
7233
542
71
83
21566
1459
544
219
1688
71
149
456
9
10
4605
226
84
197
1737
263
406
44
1212
519
6942
43
454
1244
3962
94
51
1146
4042
1692
116
125
3760
722
1322
37180
5
66
91
1499
6337
1445
641
305
597
1
2997
2334
1126
2066
321
29493
4177
4081
4735
71745
64
667
353
2118
69
211
1807
2212
34
1217
123
468
26
22177
3771
281
4766
9317
1330
3302
532
411
39601
465
3817
6650
11686
3073
850
240
250
704
1365
3505
41
142
92
12638
39
236
514
2857
324
893
47
401
748
98
1767
1658
334
2241
315
1544
5183
886
1123
4202
138
522
56
734
67270
9039
202
22
89
676
327
206
101
12
1521
2727
574
1428
405
2689
3655
1297
0
823
136
10559
6742
4208
4755
94
18851
200
174
2853
502
677
3544
519
130093
94
4188
528
101
1134
260
201
1177
4586
294
7420
164599
62
620
2651
1225
7727
0
476
135
96
1409
2637
2186
814
2962
2739
79
25
125
464
2130
108
513
4553
17653
190
1332
22
103
12
3982
530
96
1560
328
18636
399
2116
177
213
691
1090
13018
19
142
5764
33
77
4139
254
989
195
3875
14
3377
1441
162
1132
196
1954
101
396
16
1231
410
11769
1673
1140
6093
32
3000
6458
157
2091
1027
231
32
1865
381
857
2036
304
1144
456
164
107
224
2397
237
923
780
81
5008
979
18
454
42
1418
301
186
16570
1087
1058
18006
549
189
21778
118
124
532
258
93
4738
7866
2299
2177
4001
68
128
357
4096
675
63
1371
5814
145
28088
326
962
1163
4759
1081
3313
3028
1608
3111
2
1318
264
474
776
796
69
413
911
2012
502
280
951
49
45
964
234
1399
1106
69
1450
2278
340
8722
437
5991
22187
196
315
19
3991
14
174
1857
138
15549
368
895
11189
199
580
314
81
402
170
61
264
3054
4797
9015
251
151
4859
147
241
900
1731
387
122
33
3018
354
632
2789
122
3669
601
11
2396
29
200
828
1312
6634
2349
104
312
2314
9592
2286
190
987
688
1229
3416
3149
302
1710
237
170
3119
486
1596
75
84
5045
16
1339
113
326
2842
1975
32
304
126
1066
7633
20
10758
9
219
3896
596
345
9770
2345
48
253
1117
306
4824
709
3493
312
298
137
137
1661
2157
7
17
569
1654
751
5192
135
3848
6939
618
122
988
207
962
642
200
1239
1439
1308
291
3163
10
268
293
467
87
2574
5695
77
497
13485
45
676
2720
1281
3602
1159
88
6471
2823
58
15097
5
10594
3061
1782
2050
143
132
2136
156
6
11996
1790
35
53
185
165
1350
499
6
18374
158
255
2562
652
285
1916
1101
104
217
913
3178
1529
6043
32
2801
402
1053
189
3895
844
92
127
451
1611
147
249
349
241
163
2792
37
194
3806
45
8648
5981
28
1572
4168
1029
10
78
234
642
2350
8
108
725
129
347
73
197133
869
45
294
342
3918
13169
2096
152
1442
30
362
3484
629
1014
1732
57
18707
1016
38
188
6309
53
192
598
427
306
133
11
1273
8575
40386
17886
29
1511
321
24
2036
163
85
519
650
77
244
895
263
6342
5272
20
2048
50
8
1622
108
479
19
2780
294
1722
36
1771
775
486
6368
35
241
20096
2803
34
6791
26
97
371
134
1511
3554
204
289
1727
7
1609
597
506
206
1583
49
1628
3140
414
249
18
19
82
8623
2900
56
26
1609
13071
5677
1098
11
159
8568
6074
2257
389
39
13
6852
2024
1468
137
131
41600
8
587
197
1322
2008
157
179
14
545
24
11
250
5639
7192
9804
2
86
2667
3
19529
8232
66
151
204
156
340
1678
100
1922
217
378
120
2597
35
927
1235
6537
4892
42
8109
832
395
46
199
838
1537
9
1385
143
226
384
4567
2350
46
2289
7609
200
508
177
107
666
50
666
191
31906
79
71
602
164
188
33
37001
15226
223
2395
258
2478
1936
703
140
221
73
9
155
699
3290
1138
267
43
186
16
73
5371
1839
3196
22540
153
3717
736
4609
4925
217
1657
2312
8619
273
108
9292
194
4572
18043
7422
99
1476
519
126
875
109
147
88
85
1414
51
200
1074
4583
66
1105
881
317
783
2797
10037
84
5
11634
58
2340
553
273
513
1169
14
5219
770
4568
136
4961
2535
1418
1551
2943
1684
14
47
2060
644
131
5
220
176
102
1473
2803
13542
731
11439
133
645
6680
49
60
21
16110
161
215
1072
186
702
1135
107
216
4722
130
785
8469
24
1378
53
28
361
804
6
126
28
3021
131
2400
9
2681
4133
8267
37
1150
4714
5268
1037
219
5606
977
4755
543
75
348
7826
436
206
540
2511
129
605
5976
453
5396
8372
477
1076
212
474
200
70289
1270
149
7924
543
3879
858
94
4336
44
849
3749
130
5830
199
28
2383
195
163
14944
240
2
239
508
2022
199
194
19769
148
633
7482
2495
1411
59
82
82
789
4447
67
92
111
52
663
353
4657
123
1310
38
23
446
364
2306
58
316
54
482
2393
11334
276
313
253
28
1464
24992
35
188
227
57
3804
331
21
614
31
413
5588
2651
1174
338
136
123
45
69
19
115
428
3088
61
2667
2148
37
1340
449
49
67
734
16
841
88
20006
174
4007
832
224
60
210
1167
735
2407
8805
877
8114
4298
812
3268
8201
638
9993
268
439
132
9
166
524
407
1
68
9
1479
3942
7
507
1812
1629
998
158
1299
3343
17
4556
13864
381
6684
22
4459
32
383
221
4458
131
798
6192
101
212
4602
93
54
33
950
1718
183
81
41
3674
29808
1304
1037
648
3045
49
6179
1872
1852
285
731
1868
1314
318
1661
4044
62
184
92
1100
41339
587
1151
285
3848
87
2454
212
395
22
299
409
692
168
493
1497
285
1370
200
4160
1990
2885
215
15
226
336
61
445
3986
269
699
1164
4008
185
3499
245
1023
28
122
494
10
27
43
6
617
85
14543
842
36
10504
2291
6
1584
1127
284
228
25
138
1500
886
18872
50593
668
265
6880
1112
202
37
1355
194
1217
53
97
42
581
6128
81
342
437
41491
108
6
165
6441
371
6
599
69
2836
589
7980
190
136
985
143
428
24
3209
385
1012
497
252
13704
805
4
1318
4532
731
40
4072
200
6
571
461
9064
19
450
21
1071
54
165
247
27
84
17
535
91
2868
39
175
16161
5393
2854
56
1910
1396
693
807
201
2687
976
11235
8309
366
12
578
240
12135
30
123
468
401
2622
4654
3146
2235
204
1225
27
14
507
59884
11
3168
304
11609
7466
2575
66
87
257
54
200
57
41
473
1140
198
41
98
741
81
10123
3574
2765
7485
184
4359
150
9978
1225
13482
998
65
534
461
884
11
6049
74
178
3604
960
397
193
463
1898
1178
188
341
256
286
19542
9
1335
174
271
1699
2596
658
593
14542
1445
513
1518
31
316
45
7144
53
71670
108
2013
470
4868
560
13316
19
252
3381
5
1043
204
15471
4
240
739
167
63348
454
842
554
2933
38544
36995
354
534
145
911
6
3467
1183
110
14967
1538
20078
345
483
181
12077
117
89
20794
782
287
5473
777
1594
174
6167
396
86
52
1888
18988
363
3360
998
2480
2037
981
2996
148
5594
327
3460
373
164
970
867
179
380
278
10
110
1313
120
3125
19
36
72
100
668
408
712
12
201
326
1181
1992
2227
282
3062
70
159
10551
170
369
9797
308
9076
908
95
18
30
365
1283
129
399
4849
223
1551
7
866
15088
184
2742
4368
170
163
177
37
59
51398
153
175
1819
110
1240
1448
31
236
679
2837
6311
103
15340
1457
48
769
40
58
635
299
797
290
3508
51
105
763
3081
1085
482
63
6100
175
17216
878
16
400
384
1844
1034
75
255
922
1275
7832
248
73
3950
1823
1096
28
2661
14
3560
8
470
39496
1081
1812
582
4083
925
30
151
11
252
4717
1694
21
84
1101
303
96
12
6
4015
1588
908
2687
553
116
234
95
3468
113
4488
408
20
15
1610
635
243
189
26
2289
322
249
796
481
1130
3977
25
1533
202
27
3679
471
23
37
4996
4
1390
47
291
205
51756
123
93
1924
3962
6343
1202
1809
72
10160
433
62
176
4532
3285
183
1
2785
8870
28
535
150
529
4050
771
372
739
40
109
1184
41
3868
241
133
1306
2104
2812
1848
18
398
939
982
1264
366
164
200
435
4310
38613
254
123
8240
13093
32
986
3451
536
32
22401
4205
43480
74
124
3045
1058
108
317
3031
418
1185
273
4
9180
326
13
35
1820
1334
3285
175
28
11
25730
8
91
65
4470
47
278
847
705
90
90
32
868
397
2720
2078
2367
134
30
1110
22412
221
968
171
67
323
5147
1902
325
2037
145
245
111
6704
252
416
566
2119
51
193
182
367
446
640
390
26
53
263
8
281
3992
2130
281
475
13298
399
997
105
1391
14282
6733
5222
2686
58
1973
918
292
1334
0
8
502
1016
121
297
118
33
165
17902
34971
5540
1565
2348
1585
623
6365
830
1091
5666
411
10942
3112
697
160
833
194
169
3269
2192
716
3982
564
2240
30
8
2298
13
1131
2
4627
596
2101
987
215
145
239
333
14762
843
464
3157
4715
231
15396
847
72
275
6
2810
460
23
17
13
436
854
2151
1759
198
327
188
3364
69
1685
2264
331
105
1165
307
202
549
5434
25902
33
9
417
56
4988
135
1603
917
36412
654
54
303
3045
7627
39
131
2321
4461
1154
329
13526
40
1989
4
3960
12
529
72
328
295
102
1088
176
177
56
295
126
59
4823
630
26358
582
2935
3327
443
10466
460
18068
1235
63
51
318
6500
95
361
12
184
898
10
3708
180
1676
4760
5
4371
5160
741
48
8002
2095
22
629
311
1786
310
1360
1639
4516
5033
3259
38
503
420
23
228
170
1212
4931
85
113
1267
25
144
2714
9
2422
244
9695
2472
52
543
865
11
54850
42
9417
13
1129
168
576
103
849
651
76
21
30
14
353
766
26
579
1298
1073
8748
86
5135
6376
739
4556
205
83
41
4419
85
492
707
8
37
1697
2342
472
5
215
293
2939
443
1172
84
2301
184
240
583
38
3508
39
2352
1213
32
356
1226
162
1611
267
2525
535
123
103
858
776
1041
51
147
782
53
630
6
2829
116
106
26
440
1371
12
17
8805
8438
1028
1655
10038
93
4519
24
1588
14096
1119
272
93
103
375
1903
118
1904
167
980
233
3810
4287
7716
20
72
64
1039
498
94
122
171
784
111
104
1033
4011
118
308
350
436
278
1440
6780
36
18
41
485
123
48
84
130
721
1790
3802
614
330
173
903
1597
394
70
31
1291
947
2800
646
2630
612
67
165
742
203
166
1201
10330
2122
465
482
17
1259
373
519
21
27
3854
258
3168
4211
325
425
1563
7710
182
5555
79
229
815
644
2151
1036
1202
164
2903
829
319
478
92
206
8
5548
66
1505
173
122
615
5839
62
2812
19
3772
1215
1249
9714
1411
6193
292
155
174
100
1434
1884
3015
10
912
5566
422
15
155
488
1276
946
33
3292
1313
15
2357
5338
210
274
112
1014
8169
2069
1082
93
1069
2516
27
1397
366
1184
11
20
1002
1280
258
1026
174
100
38
1769
961
2399
6009
347
64
3336
241
673
826
1818
1302
58
1357
3468
144
426
734
35
267
9710
10
221
204
70
364
1911
7390
326
1037
8
390
300
133
14
5377
48
404
300
7605
10
1746
1019
37
557
1426
2203
3474
1162
299
3071
195
232
13
5
3871
1262
3386
48421
202
53
27
158
11
4313
16817
623
21
3166
2824
411
335
2072
56
44
202
56
37
13
161
571
842
124
129
838
1598
1838
5819
2557
78
10287
104
265
1636
2020
10
193
8238
97
135
8969
824
2020
452
240
991
2355
302
4422
8
403
365
19
1
18
748
1249
187
2068
882
95
195
113
12515
6157
421
343
97
171
4086
400
16022
131
2418
1788
988
2433
895
60
42
5
3841
1642
340
284
177
144
1776
39
143
797
531
177
426
10808
364
450
2415
7788
8650
1025
254
2
242
1819
115
295
241
1544
10
2225
366
4502
33
9
1351
5387
141
214
461
133
92
2312
17
95
339
426
349
13
1120
185
147
1631
581
502
35
16
15
108
15
1947
91
133
84
566
652
523
627
9091
83
1158
31
166
2432
4092
115
38025
219
434
1309
108
144
51
112
121
12
116
9
5145
137
1979
280
1322
2266
211
30
319
58
1819
1886
35
5337
4187
1781
919
18
5085
14
2151
1413
12
4504
787
72
6990
43851
52
2923
5763
2541
14
2004
766
2476
614
28
1541
124
7503
548
2501
833
1083
259
423
28
1034
2785
45
27
6284
1669
2030
11
2815
389
820
398
345
38939
409
3301
256
1945
6267
1866
4849
1462
4316
823
128
312
150
538
87
542
132
75
3229
146
103
928
33099
717
94
431
2405
3052
5
3837
979
134
784
199
318
3010
3389
2699
18
929
3242
24
180
336
184
208
1455
777
68
450
1844
117
749
12004
614
11382
204
11
1274
26
1157
3583
3291
254
91
3303
3688
2721
43
110
9710
170
456
140
719
583
728
118
99
32
12
2333
131
475
3029
78
31
1505
94
250
339
734
3292
1572
126
1411
791
1573
233
62
169
2270
301
1445
520
194
240
37
1649
63
25
3338
133
91
129
637
408
1558
385
4952
809
14
467
124
15
8
199
3266
8
1812
109
2145
66
266
149
1187
521
1254
27
306
77
38028
234
61
3161
542
418
50
1391
1130
173
516
280
811
3172
18116
0
210
354
63
2210
172
318
6
6893
397
84
9427
147
585
1177
604
637
1414
106
635
1433
25
59
185
283
14
57
1
151
47806
375
21
674
493
237
2144
608
393
527
455
363
1218
543
1598
713
16219
378
2022
209
5752
593
776
1069
10
4487
109
3599
52
14754
27
33
816
405
134
394
340
372
3344
26
152
3397
1908
6315
439
207
800
879
2167
1253
965
129
1591
74
372
136
200
19650
146
192
4440
12
581
14005
534
5885
930
2726
1081
555
41
13528
2698
2128
297
50
547
632
119
1701
264
88
984
143
6013
6668
24495
179
1291
31504
52391
255
3592
1047
16666
2299
10
678
5533
709
3355
877
12141
2816
334
6
914
190
61
412
15
628
998
117
206
6040
131
175
4321
5144
203
19
1879
242
19
71873
20440
290
3536
527
295
237
3047
14
33
95
2538
1078
3
55
10
2933
160
27
7418
248
337
731
1771
193
366
1307
22475
4076
1695
172
22294
1675
2547
2403
735
1642
1140
56
815
182
4759
519
70
6030
679
294
6959
11
293
314
317
197
23806
195
8786
146
1314
19
1764
16
1309
114
98
1686
686
5751
79
2613
5188
1451
57
892
29709
499
5
11410
369
89
267
23
971
826
890
420
6
262
677
943
2732
114
226
2696
13245
1701
2447
945
623
14752
1505
358
219
163
118
71
164
149
137
30
1366
121
903
544
2697
229
3475
135
51
549
1248
412
1695
183
55
1147
127
193
9290
163
429
74
69
325
143
135
3044
436
317
1108
22399
2779
21870
520
9332
1516
2536
15336
399
60
259
84
2
528
27
216
2316
2067
92
1296
88
624
118
1004
69
3403
873
16
7438
185
1880
351
1337
1685
3852
152
176
5036
266
13
2350
1628
2925
43976
6433
2111
78
6360
18667
15
53454
18491
2007
111
6464
32
57
4440
1696
1482
108
160
308
156
197
4195
844
4671
323
232
1390
94
18
32
198
21
4044
283
323
36
246
551
1091
7842
3675
676
15
5434
1240
262
3454
124
5567
1411
22
8007
615
22839
2428
3375
38
1714
274
9607
9147
579
44
345
827
3369
7456
146
881
3962
8462
5288
76
483
3662
10577
1017
200
288
227
2426
533
131
395
189
1025
1671
26678
1896
113
238
6040
112
14
61
150
3487
6062
2052
74
14
48
854
12751
393
1212
5503
221
1628
326
43
126
868
2457
46
18
85
13745
79
3610
9828
1828
288
2987
7994
157
7062
161
303
252
307
9166
76
98
163
92
2252
3791
1710
497
2666
72
1846
37
1159
130
9
166
24
14
666
230
178
198
34
240
1524
62
50
46
3110
1832
1633
113
403
5235
1891
155
1560
4602
112
1281
7631
1794
1726
38
31
192
207
513
1131
235
104
974
1128
14736
109
1727
26
2124
111
399
718
2409
6078
583
42
70
1170
1133
606
8230
1277
74
62
6768
536
1028
82
9
11366
42002
53
58
1593
190
252
190
277
1502
59
91
258
16489
3890
78
43
199
267
4104
64
143
824
1587
10630
245
4
39
10470
2783
42
464
1765
85
3880
320
20
133
21
877
3688
184
14288
54
41
26
4772
304
200
126
1511
97
9873
55
192
1480
1949
25
1619
183
195
1221
227668
5227
6493
475
1395
277
126
15
4415
459
2522
194
90
3076
1396
44
76
43
201
194
235
8445
10
10
24
1824
5137
5545
371
51
216
115
927
152
42
103
3197
728
238
1039
5533
158
821
4009
398
223
861
922
401
6
3939
350
87
315
2595
687
7
717
1377
340
121
958
21
187
92
171
3335
28269
58
134
39
296
678
324
62
3675
59235
85
5422
1260
32
1438
266
1604
1571
390
15
422
218
474
27988
1017
1080
61
26288
274
480
2645
1934
33
2634
3940
11657
1438
114
496
17
3239
91
398
728
57
53
107
119
2827
229
19
98
83
14186
273
30275
1842
539
11573
1637
60
4798
15
6243
122
746
84
157
30
3160
1017
1087
380
5574
524
2431
3780
3501
3308
2716
1837
1268
217
1563
45550
94
1885
16
1483
864
11098
237
4353
19
116
2365
361
202
19
20
79
1298
36376
1281
364
283
19175
3456
240
222
149
23496
1073
4969
397
2485
691
13
124
3170
7027
451
572
2050
3034
939
1392
313
169
843
193
1718
87
404
180
2988
272
16
695
405
9
140
104
38
981
11
139
15087
1462
84
110
557
254
3761
123
140
2519
10596
1485
1517
416
49
19
3117
1268
36512
86
505
61
60
1767
391
1625
38
4500
3435
1336
4019
121
293
7312
476
1881
671
17852
62
1872
1396
166
300
248
506
12
3066
11504
2489
1111
4094
1012
108
579
306
125
139
27
1913
256
15417
968
588
1183
543
49
1546
31
830
6488
224
198
84
55
7886
1583
22
124
1544
546
455
182
205
3673
102
120
224
4548
71
104
212
263
590
30
613
939
354
1506
61743
794
95
32353
9
8994
154
229
1364
411
2542
630
722
12
1102
9
1631
1683
623
281
317
82
835
3708
837
3513
10981
11
14025
2775
5
107
7916
96
183
837
1371
3408
47
215
226
6774
9657
98
1357
51
15
15
488
507
5025
32
319
2186
128
56
154
18
3947
1312
202
62
11105
328
420
2863
722
806
3077
9844
986
160
6805
9352
3398
584
172
206
150
6026
51
977
4056
1176
3538
104
5
1359
7
295
6485
1291
1324
16765
144
5
1691
441
490
171
4227
448
455
236
1062
96
19686
142
18761
9376
46
13
69
1704
57
140
39
2730
309
1090
671
0
655
2093
40
385
2712
2105
55
5095
178
224
1207
1048
1829
454
1053
417
4023
171
274
451
562
1119
51
18502
9553
1516
134
441
1107
191
28
6309
858
40
1260
1350
18474
12123
105
3057
124
591
331
164
27
72
374
1490
4244
1060
303
52403
183
1389
511
2627
109
320
237
50
24
21
5648
1304
10910
1737
565
4811
45958
67747
2289
1145
75
960
1090
2045
27
1202
6514
43
38
197
418
1597
529
1642
1579
33
22
311
1054
111
12
111
169
242
1160
291
522
173
21
448
7701
2530
214
968
16
273
402
4516
3301
1275
42
950
147
418
379
380
2510
1299
844
6
1635
208
69494
284
527
838
5306
2923
430
7979
387
112
299
1280
1224
9
17
1416
871
107
376
51
23
119
1050
8
6400
2284
230
29
5
1929
269
538
350
69
196
19
1392
9759
5948
2322
961
2317
139
1431
243
8053
59
124
2308
227
7
1038
997
3206
5
197
1454
59
1603
600
75
12865
2195
2096
16774
1321
646
127
51
321
987
1999
7208
1674
3
1531
161
549
139
126
132
28571
2665
207
6227
2835
1733
1915
933
2901
77
2514
247
22748
370
2315
192
369
747
817
4563
79648
78
936
996
122
2382
3775
33320
5
633
37
1951
5453
920
751
1655
74
4928
16522
245
4108
192
92
26115
2618
52
512
172
513
39257
269
5
15016
305
1484
139
204
13450
871
675
1800
308
187
4044
520
253
241
267
814
1318
2008
86
661
38628
18
181
185
6
552
162
349
2517
883
1798
166
7
325
3221
2145
193
200
8
534
13571
2174
246
1688
1591
28838
104
5171
2486
7257
6518
169
199
2503
62
9831
164
33
796
3274
1445
45
15
130
295
11
1302
120
5240
1086
1519
1772
146
11348
364
13
86
94033
3110
97
1499
115
783
4442
87
776
2087
1932
656
25
434
5950
280
1995
3750
845
0
4039
1993
159
556
1792
1814
8
6848
35
36
3408
485
113
3265
546
73
9
940
1168
160
2212
640
270
66
242
204
31
375
943
60
15694
23691
21820
2661
153
30
45
378
8
369
4072
3157
14163
8068
90
9550
1206
183
239
415
27172
8
4
1748
1185
10196
4596
65
75
1276
126
1698
1509
4467
186
48262
1219
2266
10743
17
7151
146
107
179
515
207
37
2456
569
5
402
298
1687
320
76
67
3860
416333
11157
5437
7161
294
756
7579
1
1215
433
59
29
1492
21952
216
1327
84
178
541
180
8151
99
4487
45
923
1090
3095
707
5947
242
327
111
4899
21
3155
8
963
9683
135
139
1267
59
569
56
839
4529
1819
301
10088
247
10922
757
28
11288
922
194
53
2122
196
6020
311
514
319
553
1257
747
1602
14
13919
800
626
236
37
26
115
211
271
25
2497
189
418
2750
5855
1133
126
4207
10455
792
27
206
81
148
3281
36
834
66
3304
59
19
9647
15469
192
209
4694
1301
17555
5426
946
152
718
178
777
8480
2166
30272
1268
44434
2128
7670
542
233
3095
7304
954
256
529
12464
711
69
8713
644
354
101
490
4253
26
887
1609
1936
904
1896
184
1190
3705
173
5858
473
388
1416
35
1681
397
2533
89
123
977
500
4130
234
5
199
17364
220
1169
53
142
421
15551
227
2083
37800
6
1009
27
1242
777
1549
308
1384
505
83
9026
381
217
524
173
202
346
137
10206
862
8872
251
1178
483
1254
9016
2421
4999
1893
244
258
1419
238
397
12
159
2039
33
419
1692
722
38947
355
1719
1262
5655
1345
45
519
87
987
185
1078
10500
22086
311
118
3
2370
1421
208
9
249
579
6414
17
618
53
448
38
5001
245
672
850
2284
2379
3030
53
12373
10
223
4011
2060
78734
3453
212
90
1988
2714
360
152
1340
2046
4140
25
46
277
52
389
1373
3386
7778
30
9
4398
897
2256
21
45
3759
2404
198
3915
4
95550
531
46
23
1485
189
1164
68
634
117
2291
1658
474
70
35
24
596
213
2940
20347
7385
1193
3750
14322
65
21506
157
784
1594
6126
308
187
1015
8853
17031
1435
23
231
1200
304
66
962
4350
962
1787
143
19541
27
64
20
1013
180
1643
6432
125
541
2995
6144
4987
1927
2876
171
2822
323
1572
655
7542
324
7415
44
650
33
457
4750
3445
107
5444
246
1077
27
487
2429
330
91
336
43289
3553
3226
14
3363
1498
1284
323
2286
3442
44
26069
1836
240
5820
14562
2584
1589
9269
27576
3085
193
53
425
308
191
95
21
26
19345
666
65
148
3678
150
149
8138
76
2418
107
16
4632
65
433
2060
169
495
15287
266
5178
1598
332
1229
2094
1083
70655
655
1151
27555
36
1837
2619
955
43
275
2038
122
3764
532
1778
96
3072
371
58
16631
102
6156
14
1040
379
13310
7840
52578
8018
669
4945
3843
1913
2545
1734
141
408
22
47
2410
38
225
4
0
3205
9378
355
1455
10
230
1401
313
673
167
9401
617
1336
36
1087
46
155
1560
3
9160
471
9303
16
750
48692
4100
355
26
217
12
1589
61817
21328
53962
4483
2719
1281
265
7
287
2612
68
1673
778
456
483
30
1066
7
426
199
7418
279
247
745
118
4248
4075
322
161
1534
125
132
16843
196
466
742
254
40061
12030
41313
1184
11824
338
32
52
6
12
6
20
113
13
42896
302
122
27
26
3915
837
292
1842
51
10088
23
2833
1225
1499
44
4183
2897
614
1097
29
24312
3758
11627
9102
2847
16941
209
100
1792
813
411
5293
976
140
51
13440
96
1243
474
525
45
211
26
206
204
2743
164
3645
524
112
505
1489
5587
4542
1144
63
22116
74
17761
94
865
2720
30
182
56
1094
136
621
6604
156
230
23
248
123
4833
9782
19
16
3763
8442
56
14
314
794
301
60
1404
2926
20899
816
332
2011
49
1768
27
29
4109
1824
6358
182
525
1722
355
277
454
33
11883
44
2087
105
81
3255
3857
3668
1685
10299
1790
2725
2003
86
1027
1680
7138
4417
963
671
700
24
1316
9731
415
231
1609
243
275
8766
4198
29
1240
2750
8056
38480
308
21017
226
13386
5498
6383
834
6008
700
3284
145
1634
1265
137
2958
534
89
1510
1419
15219
44
2237
9757
969
2037
150
2506
20475
19
1367
1281
1625
392
5181
944
2699
94
400
304
812
9972
10
364
269
23
514
1357
1272
594
80
23
20
156
371
295
4393
2319
2119
123
4852
126
3029
285
81
315
3724
642
64
1207
24
498
642
133
830
295
111952
5770
43
56
659
200
54
4871
356
1978
2217
213
322
494
67
1222
24
385
943
43
4045
1271
173
169
918
313
1027
5760
25
3890
223
29
1289
530
352
3856
139
186
10142
28866
18
176
497
109
87
2642
182
394
153
182
53
936
2670
19627
20
1079
940
80
1112
1477
45
776
14763
146
68
32
682
5857
118
2308
68
1854
830
226
801
617
12
622
918
3307
915
7618
643
0
1636
155
24053
132
1158
212
2430
275
2103
532
424
22
308
2674
2924
7
91
1645
54
101
1782
811
8
15
2868
337
18327
253
730
928
19255
4765
35
2008
11494
1553
4339
384
1381
173
854
704
84
23
396
696
3058
362
5740
2274
2474
3
978
6633
31
174
1586
3694
258
3590
201
3596
295
115
75
493
4734
1549
2444
84405
3761
993
170
457
63
152
587
11992
341
12
312
1932
134
2151
4455
38271
49
467
1167
1545
297
2591
7
56
3204
537
21
331
280
190
211
34
6
1760
1796
901
892
23071
2060
598
360
506
311
1960
150
1
225
313
102
237
494
196
627
958
357
2282
149
4968
784
113
174
68
20198
585
289
4665
14098
369
3925
175
135
2345
544
202
739
419
872
4152
368
1571
13
76
1596
16
83
268
2257
3859
381
1625
208
303
1134
193
4536
396
5
762
1478
922
24
279
2820
199
918
2754
1635
9938
81
6118
386
1309
35158
4039
4061
97
3821
248
10
22
5
162
57
452
1923
6674
379
22
3303
59
3651
3
120
4111
420
517
1080
2682
27717
83
87
2373
785
1244
2293
2643
1120
1840
53
7357
55
2242
7639
355
5399
25008
398
3127
190
206
309
3350
778
2933
2051
461
324
12636
2645
650
790
4459
877
2434
85
4025
127
1375
2719
227
593
3492
1069
537
176
2264
212
1003
69
15
680
2114
8599
46334
15338
216
10651
1384
65
19128
1213
509
1131
873
3947
364
174
1513
511
182
2587
457
187
91
114
2
61
1277
653
2858
8000
5215
125
853
1153
1691
39
423
124
2224
116
590
400
647
764
1711
1533
14718
57
256
2208
4800
2998
2726
235
204
37
505
137
1756
1938
4331
99
1683
1105
168
8
3170
59
1582
3299
4952
227
76
1299
2680
5298
3094
1407
6033
2944
942
149
477
69
5356
141
781
3889
6
101
655
108
167
84
103
2227
668
53
166
4289
682
171
8717
49
39479
11393
1
33
541
233
6
1502
257
105
71
2421
5371
376
670
55
2881
1082
1381
157
251
701
44
89
15
106
24
285
1016
215
45
109
353
29
474
307
209
417
5527
4187
191
129
6663
332
2565
6
22
140
1120
186
1373
1933
2485
56
1009
177
256
1878
1980
73
10390
23
2453
2844
1607
1154
24
18319
55
7377
221
895
4208
29
2234
517
81
12685
274
1141
890
10021
443
74
17510
349
156
249
375
116
9314
58
27589
715
452
200
1983
3602
1450
194
75
168
7
194
548
438
1087
3185
2102
108
4797
13100
5284
327
1706
1155
6808
355
879
241
152
263
336
35
1775
426
40
74
4441
10
743
777
99
3
3886
1001
2664
549
444
403
3084
2280
972
354
1808
4266
322
3790
532
224
20
113
912
147
6867
20280
542
365
400
115017
23
4018
12374
817
826
707
184
183
16
769
52
71
143
788
1972
11
176
61
766
314
1862
1719
839
110
196
200
2065
5
154
5479
4217
2278
2326
320
67
1166
1757
37
189
56
267
1038
13
469
119
777
1459
113
346
761
15
1262
75
1303
30240
8
4007
158
66
720
61
89
137
271
4
50
636
1716
600
53
529
2632
6
2106
7
1472
1625
1716
1896
13824
3464
174
25308
129
350
2469
68
829
43
2954
13518
6685
13213
4817
1074
3898
1459
141
206
287
2221
347
39
116
2323
1487
3568
4060
15163
583
1494
4
537
2881
23
211
856
554
82
71
10667
29
7942
783
3022
10
822
536
377
17
153
14
56
655
954
21
7
1015
56
784
39695
2325
897
15252
1028
656
81
209
184
80
2393
21311
2860
55
10619
845
227
18
17036
2897
5343
3843
506
1967
431
498
173
300
15817
1416
6401
1242
0
49
792
2518
4
22673
309
278
1940
1902
423
12940
18569
45
5012
454
1328
184
14244
106
43
358
570
33
181
627
1305
7
162
84
126
104
1210
4813
2332
2673
1303
174
114
306
214
13
2530
1411
1439
1059
27
666
167
3147
987
410
17586
49
121
164
239
144
45124
1747
430
395
96
20
430
71
710
36
505
4792
1360
2614
989
1417
177
356
4443
6
294
1504
1064
8579
5722
8109
454
87
8
101
274
25
1889
928
447
7487
73385
197
8
655
427
2270
33
1579
2176
29460
2275
1
930
167
103
371
86
1274
1209
34013
1734
2187
198
619
1388
1216
93
6017
152
13
4332
290
4157
2622
892
142
31
5003
1784
84253
88
1049
909
489
259
34938
539
682
5
305
2400
772
87
2613
1319
294
101
5
469
6744
6
2177
189
3124
132
632
7462
33
775
938
1757
1755
11
4404
126
25
482
460
809
3170
198
972
29
2262
1222
333
9383
165
3523
21237
3
32
6159
40
645
442
36
63
163
2361
6661
191
137
616
753
118
184
686
1264
601
140
1661
80
669
321
465
23
2178
182
379
15833
122
1076
1925
25
33
162
8760
14947
17365
483
66
937
19
98
1774
3034
165
4732
4018
787
2676
12
4506
25
5493
243
4609
426
734
4527
270
2021
193
5091
2455
7887
1545
203
122
7081
950
206
7621
4751
1105
64
3701
1095
74
3545
2369
423
22
3413
2073
1515
2097
2137
13282
57
35
2307
96
23
449
94
1310
195
12140
28
5719
57
9
11478
77
123
1974
4486
1314
32
1075
201
3261
1012
211
0
5650
526
6
457
41
85
1953
50
9229
53
667
151
1191
2977
320
743
1457
32
35
644
18
0
298
108
72
36
1706
563
28
1873
8594
515
2841
135
828
182
54
534
2157
7126
37
2773
66852
196
808
1067
340
36
765
1525
1729
274
254
18344
1840
12845
256
11145
250
1873
1653
223
1414
31
723
127
8415
592
13
120
59
25
671
3744
2
467
1047
12150
179
24
2407
55
636
2924
64
111
581
132
16862
2269
536
1202
459
2260
4069
41
3789
4159
170
2730
212
191
373
2966
7
1150
1691
338
58
8
759
2047
1235
36
1347
849
8361
3872
4776
2812
8998
1812
1382
148
595
642
5630
3014
802
448
573
35149
1518
1336
788
21276
11439
203
991
1012
330
14161
2270
313
98
8266
387
8761
1102
847
163
163
265
1127
1784
237
3580
3977
2387
410
29740
2937
559
12074
40
218
6280
3579
191
237
190
335
10705
2302
101
312
11
22413
29
520
1219
158
31
356
1323
43
119
2331
30
293
123
139
243
342
278
16827
213
1637
904
9303
89
5973
11229
3
584
155
6299
16
32
2910
6355
1681
10
124
214
79
7
1360
358
1544
38
211
128
209
2792
316
65
1924
13
216
1480
170
472
6407
59
10892
332
328
249
50
34
846
512
61
2970
163
5755
262
760
3128
2692
2539
3965
246
1406
36
5257
2703
159
3596
5
51
1
8043
80
2066
192
145
260
477
3240
33
2620
124
1799
1329
331
3148
1742
995
482
6617
1351
58215
250
47
235
1513
336
1172
277
315
137
23
476
14361
805
20211
131
278
2784
638
117
371
7018
1569
309
38
3058
111
13307
115
84
514
126
6302
90
2020
62
316
4429
472
275
3624
212
3953
314
2756
267
232
256
301
149
1775
1616
1126
164
131
96
7731
59
9665
27
347
1043
39121
11907
10
871
216
6
21
25
6522
7
125
85
174
1326
1684
161
198
262
2638
7810
4923
892
33
196
45
183
7078
541
405
4608
9898
10
310
19
230
369
80
43338
960
6805
264
161
2021
393
2207
4357
96151
1232
683
1828
3757
84
12726
5741
2894
287
65
44
173
295
36
2017
356
1311
439
147
4353
475
12510
34
8787
3005
1023
2900
105
2908
410
821
727
1361
6
415
6056
1280
1284
1069
181
419
3749
3304
45
665
155
10453
7309
828
14
179
126
266
558
116
181
472
139
52731
2534
420
13
4605
262482
1443
179
6257
6
2717
129
358
5230
361
56
18336
3802
978
8648
5
4359
9488
108
5352
767
1988
224
132
4226
970
24
1467
3723
140
1
1372
50
375
483
228
252
172
4490
16
1050
155
36
47494
1085
627
996
198
149
530
5580
2349
1405
2229
291
90
46
1831
58
242
3441
634
3171
713
3527
2033
2064
33
1171
1049
12801
66
95
37
9682
342
105
94
1278
799
7
17
1069
168
131
2047
38
8423
1659
187
247
2019
8
670
7794
10130
729
1331
6106
76
4570
113
747
276
82
203
1798
2087
4628
1897
71
1015
339
28
74093
173
6
846
197
541
7362
1892
33205
177
412
104
166
46990
724
634
923
925
411
38
3973
24
831
1985
2175
29999
96
1432
24
73
57
2655
920
97
856
200
825
11996
9
263
1614
241
5407
254
275
201
101
399
147
8447
940
11890
114
259
167
2892
41
914
1800
97
67
542
712
2316
33
6
76
929
5817
157
151
3647
126
25
14017
195
132
104
22
9258
82
3466
251
133
224
736
60
2328
2263
986
2420
5867
4829
11047
18158
982
3953
2119
10228
128
11
191
1096
355
464
151
864
14
10594
235
1189
5653
443
1112
390
962
50
61737
716
113
7638
11
388
493
294
5857
27516
543
1874
1911
12
2959
2036
14137
945
117
1682
3871
1043
797
5882
727
2064
1196
11159
752
36
1412
78
751
8723
327
30
15
572
150
22
40
31941
9989
214
56
51
6327
108
93
209
80
403
1023
120
2525
2680
508
799
641
80
1019
697
75
1938
743
829
288
7393
130
551
22
179
116
998
42
13243
1061
921
1687
323
16783
9323
129
351
2812
6021
795
727
732
1285
670
955
148
97
332
6169
1047
766
303
2509
834
710
1194
332
64
933
158
4766
914
33
19
1454
1078
6736
321
344
1220
10
13
64
10
188
200
34822
1323
319
3522
516
42
455
99
144
789
2045
558
1386
198
1029
241
47
122
1921
29
132
86
0
299
24222
3229
2082
526
47
47
3244
2766
586
170
221
172
22
179
10
2327
107
1436
18804
19
256
52
25
68
611
641
40
313
102
1201
458
2680
14028
12861
13983
94
63
114
380
2650
25
4314
467
6463
684
6275
6
22074
28
86
1209
133
2942
8179
184
15
363
4
16350
999
231
1649
3332
10
7743
155
1976
1850
455
138
827
152
24
6832
31639
8153
348
117
1612
720
332
838
93
899
107
1899
479
559
1914
6170
1521
267
7592
79
3348
232
2878
143
5751
87
2109
277
449
650
2386
44
11098
311
210
170
5761
160
65
71
1208
345
760
199
206
453
1103
9291
86
326
2009
1018
5901
10730
1341
438
556
8419
2424
150
3646
406
233
18991
712
398
4192
1332
1074
95
49
209
72
6692
437
1417
115
4544
478
3588
313
5857
229
3837
5059
315
1004
2540
371
18
1514
4
577
376
2830
244
17
256
3847
24
17032
558
2066
2266
50
7889
1240
743
29185
10076
115
12438
46
320
74
855
2423
3059
5802
140
487
138
83
781
81
157
22
59
447
3863
3563
105
1257
245
1839
5925
1599
423
3205
202
6326
217
840
9650
32
22
20008
78
252
45
69
193
425
477
52464
86
29
5845
115
3459
102
9163
7006
1722
128
173
235
2108
1785
176
24
12016
285
46
9505
860
32605
92
227
55
288
2217
1043
560
205
2087
117
29810
49
9878
74
1514
40
17835
6
220
141
116
665
8305
1122
43
2573
532
4937
237
53
242
974
10879
236
1288
294
10
32
3122
2765
157
77020
147
1625
986
1319
896
821
126
2650
1452
177
80
508
84
41
2785
280
1243
187
130
42529
12385
190
7049
2776
1001
96
2287
6842
436
1104
68
1913
72
307
5207
5006
3010
7
196
23
13
369
2084
293
174
83
29
18921
1412
8
4871
137
1322
57
663
205
136
76
142
1077
8603
48
179
84
3726
12
2914
175
290
189
9
77
2390
74
69
282
24
336
113
467
208
169
347
3831
3980
203
355
1043
3454
949
28
570
361
508
62
1236
668
1849
1765
50
1498
1077
1542
4887
1696
3727
1577
18510
2038
196
839
129
11
5040
3340
9
2258
36
150
359
5376
392
2938
8321
1835
45
7
1042
18817
982
77
1964
142
2
606
6352
479
46
7
3
157
11
1194
4264
30
2498
138
366
31523
3832
387
431
749
213
7706
283
277
143
1162
37
371
13429
172
87
1000
59
1250
38361
1262
712
22323
16
5302
104
5192
248
50
944
17
6380
119
122
16751
131
164
532
211
332
660
7304
146
1279
169
478
233
564
1215
25
9
218
595
2943
74
31
1477
490
450
2785
18
872
426
484
650
223
10039
52
9
166
4
6696
12525
73
3160
432
1836
332
317
311
750
2532
53
470
473
196
316
738
89
217
448
52747
6493
339
740
3470
60
88
55
1291
8525
718
518
330
330
3322
120
151
44685
1115
285
118
151
200
1328
14488
1126
2646
117
17488
1139
6413
6950
11660
25
42193
1031
147
203
20
279
1262
192
1468
677
1470
60933
3650
115
15
1159
14
4730
761
159
111
3149
6429
9634
1065
1376
51
5
1873
167
1954
2422
2834
440
2100
6665
174
138
14881
27
1031
2045
468
100
8
969
49
11753
9621
261
69
3282
167
12743
4372
655
1869
95
173
40531
1536
3813
258
368
10
585
102
8
5019
680
1748
1373
299
7
604
564
5680
5068
46
695
35
167
23
275
95
98
10
4582
1998
627
7
864
62
8
1295
192
36
233
41
141
240
51464
99
5
2967
9208
657
37197
496
357
835
3196
779
796
273
224
2600
179
4294
797
59
2090
432
31
8528
2537
3727
3501
249
838
63
203
110
448
3331
257
32
436
3464
1242
1888
19
467
5639
183
62
201
1032
2253
5280
436
34
2138
2947
274
18
258
3545
197
5538
262
84915
222
4989
6165
43
2587
6490
35
2922
23
2647
1901
54
213
1757
53
5252
178
502
12
52
100
415
37
8734
43
891
159
282
147
107
816
192
117
160
348
3091
22728
690
409
2031
11043
861
1511
2325
18
345
1545
499
1138
333
1631
356
989
197
55
8445
459
686
1317
861
717
684
172
1671
3263
55
9541
22640
23748
130
61
28
1038
9063
188
17890
2207
220
3888
900
496
25
11
12367
14369
13
8357
0
174
3466
264
1002
516
378
782
21
1633
139
1774
50
259
425
51
299
738
2354
546
1508
6015
144
582
63
97
6760
197
1071
948
521
656
10513
7
1765
1010
1428
2704
173
2600
404
3336
24
267
77
69
167
3038
174
2399
209
233
825
9989
83
262
18
4807
1113
155
7463
36
738
2165
553
186
1392
5713
1991
2372
288
10102
2630
203
4190
419
1058
20
768
555
3394
311
3003
364
877
399
13799
159
243
3306
479
139
5959
44
79
611
236
458
285
594
228
55
640
49657
299
828
12
3727
383
151
3033
18134
11207
2114
2086
142
186
71
2792
171
11
8542
4069
24
6585
46
787
1770
3469
14956
270
5233
18006
852
20892
160
2108
715
253
54
3860
15064
4620
1279
1287
2815
1262
294
2286
239
46767
14773
8865
501
1638
4607
516
550
25
1071
131
572
57
531
11330
2061
428
194
588
322
300
1052
546
2022
174
12
723
2325
3331
1031
4964
30
11
43
2176
66
369
602
3168
19303
280
16623
237
965
4499
199
269
43
2253
40
947
748
12
44
1490
130
7009
598
50
8544
8055
5813