741,0,775,15,999,82,999,82,999,82,704,294,0,499,
0,0,999,126,887,499,887,499,887,499,887,499,
112,0,41,19,38,30,46,33,55,39,41,78,32,78,32,78,202,127,202,127,670,233,875,296,64,134,65,132,65,132,65,132,138,182,29,174,29,177,98,277,109,286,1,280,12,282,29,284,0,327,10,332,573,434,912,383,912,383,912,383,925,381,925,381,925,381,999,499,
999,0,999,0,999,0,999,0,999,0,999,0,999,0,999,0,999,0,999,0,999,0,999,0,999,0,999,0,999,0,445,61,445,61,445,61,445,61,445,61,445,61,445,61,445,61,445,61,445,61,445,61,445,61,445,61,445,61,445,61,445,61,445,61,445,61,445,61,445,61,445,61,445,61,445,61,445,61,445,61,445,61,445,61,445,61,445,61,445,61,445,61,445,61,445,61,445,61,445,61,445,61,445,61,445,61,445,61,445,61,445,61,445,61,445,61,445,61,445,61,445,61,445,61,445,61,445,61,445,61,0,345,0,345,0,345,0,345,0,345,0,345,904,429,904,429,904,429,904,429,900,499,
633,89,636,102,610,134,493,135,493,135,498,129,414,124,414,118,414,118,414,118,414,118,414,118,334,114,334,114,334,114,334,114,334,114,272,112,249,124,249,124,249,124,188,125,157,124,157,124,17,127,0,122,50,82,33,68,53,63,53,63,45,56,45,56,40,36,40,36,33,22,119,5,180,4,180,4,211,2,241,0,334,2,343,5,999,171,363,6,353,22,333,28,338,41,317,76,361,81,356,88,346,101,391,119,391,119,407,120,465,123,508,132,554,140,554,140,546,153,481,183,470,184,379,184,368,178,368,178,283,180,277,195,277,195,323,189,323,189,334,203,315,223,334,205,409,217,409,217,391,241,391,241,391,241,391,241,340,233,340,233,323,239,323,239,307,262,307,262,307,262,307,262,282,267,295,280,309,286,309,286,297,308,297,308,290,343,379,382,302,347,302,347,361,352,361,352,309,359,297,377,297,377,269,365,283,381,259,394,208,407,272,429,386,445,386,452,386,452,389,480,389,480,358,479,295,482,241,477,241,477,239,499,259,497,231,499,262,499,
999,0,721,36,508,57,390,73,0,373,445,499,467,488,721,176,
557,0,520,220,999,139,383,415,357,499,0,361,263,331,367,185,
0,499,156,472,58,348,73,352,999,0,
0,0,941,439,941,439,988,499,999,497,999,497,999,497,870,464,752,392,
0,0,0,0,0,0,0,0,0,0,0,0,
945,0,914,1,999,31,945,34,809,42,650,68,690,79,709,89,709,87,0,202,481,276,972,499,
0,0,759,189,759,189,999,119,791,178,788,196,788,200,997,499,
999,0,0,62,0,62,59,92,59,92,446,208,446,208,276,219,276,219,209,272,291,285,726,415,179,477,160,492,89,499,157,479,157,479,157,479,89,499,
999,0,999,0,886,41,886,62,999,62,999,62,999,62,999,62,999,73,999,73,999,73,999,73,999,73,773,93,773,83,773,104,220,124,106,124,106,197,106,197,220,260,220,260,106,260,106,260,333,260,220,270,220,270,220,281,106,270,106,270,220,291,220,291,333,281,220,270,220,270,446,302,0,291,106,291,0,291,0,291,0,291,0,291,333,312,333,312,333,312,666,312,773,312,773,312,999,322,999,322,886,322,773,343,886,364,773,375,773,375,773,375,773,375,556,395,666,385,666,385,666,385,773,395,886,375,773,406,773,406,773,416,773,416,773,416,773,416,773,427,773,427,773,427,773,427,773,437,666,437,773,437,773,437,773,448,773,448,773,458,773,458,773,458,773,458,773,468,666,468,666,468,666,489,773,499,
999,0,720,388,747,371,761,410,767,410,686,499,0,484,69,472,215,374,316,345,302,351,308,351,93,323,174,320,162,325,156,325,183,322,232,318,430,267,447,210,
999,0,0,424,0,424,0,424,135,499,135,499,
0,0,0,0,0,0,0,0,0,0,0,0,0,0,0,0,0,0,0,0,0,0,0,0,0,0,0,0,0,0,0,0,0,0,0,0,0,0,0,0,0,0,0,0,0,0,0,0,0,0,
999,307,142,224,250,0,0,499,142,368,
47,0,269,3,746,20,650,24,650,33,809,129,460,141,650,188,726,184,999,180,79,204,0,208,904,480,650,499,
999,0,785,63,299,48,412,62,401,88,392,91,421,89,479,105,929,155,897,200,543,198,344,281,344,281,324,284,0,376,0,376,0,376,289,389,250,390,93,434,93,434,93,434,436,486,491,499,485,499,
320,0,253,8,230,62,230,62,230,62,314,126,283,139,447,153,394,148,270,165,324,211,324,211,204,255,204,255,265,238,222,244,226,252,266,310,303,350,285,357,224,334,224,334,244,347,262,379,197,362,167,393,610,184,696,327,693,323,691,321,691,319,691,318,690,318,690,318,690,317,690,316,689,313,689,312,689,312,687,311,687,309,687,308,685,305,683,301,683,300,672,273,672,271,669,266,668,260,932,240,930,240,939,254,951,286,951,286,989,320,901,366,901,367,903,374,903,376,945,387,946,387,953,391,967,399,972,401,989,411,999,416,649,494,143,426,29,400,0,327,278,477,232,499,
874,318,988,341,999,297,887,220,887,161,899,222,911,234,988,402,849,499,772,477,976,477,811,488,949,474,797,486,368,352,749,402,76,359,0,370,103,345,874,259,938,345,734,365,787,249,545,111,899,274,976,215,595,0,710,49,520,13,811,381,
219,13,237,35,276,0,424,0,171,52,276,42,208,56,262,78,233,83,233,77,229,154,233,145,262,192,224,176,272,170,284,178,303,187,329,187,248,183,133,182,326,224,357,325,155,328,93,296,0,354,42,394,164,391,338,418,334,413,999,289,899,381,892,391,892,389,884,392,883,382,887,379,884,363,107,494,177,499,199,494,215,495,188,493,281,497,190,482,
151,0,35,273,196,368,0,273,955,499,999,486,955,490,
795,0,838,4,844,2,726,28,686,56,726,57,726,57,714,56,705,63,453,88,465,88,478,85,267,212,267,212,267,212,267,212,223,246,999,326,927,304,683,283,571,287,567,288,468,303,468,303,468,303,391,300,391,300,385,302,385,302,385,301,378,298,0,482,167,457,8,478,6,487,145,499,378,492,385,486,
0,0,0,0,0,0,0,0,0,0,0,0,0,0,0,0,0,0,0,0,0,0,0,0,0,0,0,0,0,0,0,0,0,0,0,0,0,0,0,0,
0,0,0,0,0,0,0,0,0,0,0,0,0,0,0,0,0,0,0,0,
0,0,0,0,0,0,0,0,0,0,0,0,0,0,0,0,
509,69,422,0,372,228,361,350,847,499,999,459,0,53,
710,0,736,1,746,2,749,2,749,2,749,2,766,1,801,4,808,6,651,0,651,0,661,1,661,1,443,4,436,6,469,6,469,7,462,39,501,44,475,44,691,48,775,45,827,47,195,69,215,68,189,75,443,121,432,123,547,144,541,152,547,156,621,163,621,163,645,172,684,173,677,172,391,167,404,167,189,172,182,172,0,185,13,184,577,217,580,217,521,221,521,221,521,221,492,223,534,252,202,254,208,270,495,269,547,268,932,266,938,265,951,266,951,266,951,266,951,267,951,267,951,267,951,267,560,303,557,303,517,303,492,306,413,379,661,407,810,402,795,402,786,395,999,391,935,395,955,396,964,396,977,395,977,424,971,426,955,428,886,441,870,446,810,464,831,465,814,475,717,479,619,482,473,499,
738,16,0,0,671,117,884,94,742,144,742,144,742,144,769,182,733,182,706,199,733,196,880,179,711,194,582,246,999,293,999,292,502,305,31,343,493,346,596,499,
925,0,738,23,645,69,654,121,477,166,0,217,999,265,291,318,328,386,328,381,104,424,402,470,253,499,29,499,
228,55,260,49,271,47,215,66,259,67,252,69,210,82,223,107,237,97,251,179,228,297,223,303,361,356,359,372,352,373,367,384,567,395,773,402,266,499,282,499,285,495,171,482,334,482,11,309,0,273,3,219,18,184,15,160,24,0,24,0,999,72,
254,0,0,39,0,59,0,86,0,86,0,86,0,86,999,499,
361,0,366,1,362,0,651,18,644,6,986,36,996,26,999,24,999,29,409,29,393,25,341,54,346,75,351,149,346,149,297,147,200,188,268,210,308,291,316,328,296,363,293,365,326,380,281,388,288,398,273,431,288,457,265,463,271,472,205,486,175,486,125,478,86,478,25,433,30,433,31,442,12,445,12,445,12,445,0,447,85,378,278,499,272,499,
0,0,0,0,0,0,0,0,0,0,0,0,0,0,0,0,0,0,0,0,0,0,0,0,0,0,0,0,0,0,0,0,0,0,0,0,0,0,0,0,0,0,0,0,0,0,0,0,0,0,0,0,0,0,0,0,0,0,0,0,0,0,0,0,0,0,0,0,
0,0,78,102,999,474,926,461,235,499,
470,0,625,68,597,68,503,96,477,98,477,110,470,117,425,230,51,276,0,302,58,308,354,311,264,328,412,405,406,445,322,469,348,476,725,499,941,388,974,270,980,267,999,274,987,276,838,239,
632,0,539,492,349,391,999,457,739,371,600,292,0,499,25,445,725,455,725,455,733,394,665,161,
0,0,155,61,168,189,702,359,999,398,778,499,2,485,
128,0,128,0,128,0,128,0,128,0,128,0,128,0,999,45,999,45,999,45,999,45,999,45,999,45,999,45,999,45,999,45,999,45,999,45,999,45,999,45,999,45,999,45,0,499,0,499,0,499,
0,0,0,0,0,0,0,0,0,0,0,0,0,0,0,0,
872,0,803,59,861,151,605,182,657,179,643,176,925,238,999,186,858,176,535,191,629,263,458,336,27,467,0,447,91,499,289,472,
868,0,996,138,0,499,336,108,420,409,999,220,
519,0,519,4,531,14,606,14,713,15,706,19,706,19,612,34,498,29,498,29,573,170,453,159,552,284,789,290,789,290,790,303,881,404,999,418,828,399,615,345,109,320,170,328,84,371,12,364,0,360,0,360,305,457,347,463,524,457,554,454,615,463,659,464,598,473,538,473,538,473,541,455,617,499,
90,0,90,108,90,108,43,175,90,256,0,351,0,378,40,463,43,486,136,499,182,499,542,452,952,248,999,256,999,256,954,297,316,189,316,189,
999,0,985,21,832,47,932,69,88,155,0,175,632,204,764,215,405,289,588,290,697,296,597,376,573,420,551,450,955,469,426,475,441,499,
969,437,969,437,969,437,969,437,343,0,343,0,343,187,906,171,999,250,999,265,969,437,250,499,0,328,0,328,969,437,
0,0,0,0,0,0,0,0,0,0,
558,201,342,457,342,457,999,261,999,261,999,261,999,261,805,368,567,359,567,359,0,424,18,344,417,329,0,499,662,0,
999,82,498,17,0,0,471,176,389,499,471,176,
450,0,0,40,677,141,677,142,999,173,272,499,
876,0,943,75,999,79,786,274,0,343,101,499,
497,0,179,58,528,70,999,48,999,48,941,86,745,197,745,197,117,125,0,179,0,179,251,194,646,204,646,203,841,215,596,287,543,287,415,355,482,392,394,409,302,472,256,493,353,487,448,499,538,485,456,498,
889,0,999,26,851,35,848,41,893,43,786,255,982,273,668,300,662,299,624,315,624,315,624,316,737,433,531,481,427,484,0,499,582,484,
0,0,0,0,0,0,0,0,0,0,0,0,0,0,0,0,0,0,0,0,0,0,0,0,0,0,0,0,0,0,