99,99,5,0,0,2,1,1,3,1,2,0,
0,0,0,0,
0,0,0,0,0,0,0,0,0,0,0,0,0,0,0,0,
73,0,73,0,71,0,54,14,99,49,99,49,98,49,90,49,90,49,84,49,84,49,40,52,40,52,74,80,79,81,76,82,76,82,79,82,79,82,72,83,60,83,60,83,0,99,8,99,
44,0,57,18,49,27,76,35,99,36,75,39,52,44,52,44,93,40,93,40,41,51,74,49,68,55,44,56,41,66,41,66,37,72,57,72,36,72,28,77,18,84,28,87,4,88,21,89,31,91,70,93,24,99,24,99,0,99,0,99,0,99,26,99,26,99,
82,0,99,99,0,60,
21,0,22,2,29,13,29,13,29,13,20,48,0,81,99,99,
48,0,52,7,53,8,53,8,53,8,53,8,53,8,51,9,47,12,47,12,46,15,46,15,46,15,46,15,48,18,54,19,49,20,49,20,41,23,41,23,45,23,45,23,45,26,47,28,47,29,47,29,52,36,52,36,45,35,45,35,45,35,45,35,45,35,25,38,25,38,25,38,25,38,25,38,25,38,25,38,25,38,25,38,49,44,49,44,52,46,44,52,47,51,42,53,40,50,35,50,37,50,37,50,37,50,31,51,31,51,7,76,5,78,5,78,5,78,5,78,5,78,0,79,1,78,13,79,6,77,17,78,17,78,17,78,17,78,17,78,17,78,17,78,17,78,17,78,17,78,17,78,37,92,37,92,37,92,37,92,39,98,39,98,72,99,99,99,
47,0,47,0,41,22,47,0,38,0,38,0,8,3,53,24,0,15,53,24,53,24,39,37,32,47,32,47,35,53,50,70,35,71,33,77,36,80,29,99,29,99,29,99,29,99,47,0,47,0,99,97,41,22,
0,0,99,25,88,99,88,99,88,99,88,99,
99,0,98,0,87,0,86,2,67,10,23,28,27,48,27,47,18,53,0,64,22,86,17,87,15,99,
18,0,11,2,11,4,11,4,12,5,11,10,10,10,10,10,26,16,26,16,69,30,88,39,13,17,13,17,13,17,13,17,20,24,10,23,10,23,16,36,17,38,7,37,8,37,10,37,7,43,8,44,60,57,91,50,91,50,91,50,93,50,93,50,93,50,99,66,1,92,0,93,1,93,1,93,1,93,17,99,13,98,
22,9,18,16,30,99,19,96,24,94,11,99,56,90,56,90,56,90,56,90,56,79,56,79,91,58,91,58,92,65,92,73,95,79,99,89,99,85,99,85,89,96,89,96,89,96,0,46,2,30,2,30,0,25,2,16,2,16,2,0,26,2,24,33,24,54,65,71,
64,0,99,0,85,10,62,19,58,20,55,24,50,39,19,40,0,43,8,45,46,51,16,56,32,62,14,77,27,89,7,89,40,85,20,92,35,99,
12,0,4,8,5,14,8,17,11,21,7,28,0,36,7,38,7,41,3,58,0,71,14,77,13,77,14,89,2,93,11,99,99,99,
0,0,0,0,0,0,0,0,0,0,0,0,0,0,0,0,0,0,0,0,0,0,
21,1,3,0,3,0,0,34,3,0,71,48,69,61,20,94,99,99,
99,0,99,0,99,0,99,0,99,0,99,0,99,0,99,0,99,0,99,0,99,0,99,0,99,0,99,0,99,0,44,8,44,8,44,8,44,8,44,8,44,8,44,8,44,8,44,8,44,8,44,8,44,8,44,8,44,8,44,8,44,8,44,8,44,8,44,8,44,8,44,8,44,8,44,8,44,8,44,8,44,8,44,8,44,8,44,8,44,8,44,8,44,8,44,8,44,8,44,8,44,8,44,8,44,8,44,8,44,8,44,8,44,8,44,8,44,8,44,8,44,8,44,8,44,8,44,8,44,8,0,50,0,50,0,50,0,50,0,50,0,50,90,62,90,62,90,62,90,62,90,72,87,81,84,99,84,99,
43,15,43,17,41,22,33,22,33,22,34,21,28,21,28,19,28,19,28,19,28,19,28,19,22,19,22,19,22,19,22,19,22,19,18,19,17,21,17,21,17,21,12,21,10,21,10,21,1,21,0,20,3,13,2,11,3,10,3,10,3,9,3,9,2,6,2,6,2,3,8,1,12,0,12,0,14,0,16,0,22,0,23,1,68,28,24,1,24,3,22,4,23,7,21,12,24,13,24,14,23,17,26,20,26,20,27,20,31,20,34,22,37,23,37,23,37,25,32,30,32,31,25,31,25,30,25,30,19,30,18,32,18,32,22,31,22,31,22,34,21,37,22,34,28,36,28,36,26,40,26,40,26,40,26,40,23,39,23,39,22,40,22,40,21,44,21,44,21,44,21,44,19,45,20,47,21,48,21,48,20,52,20,52,19,57,25,64,20,58,20,58,24,59,24,59,21,60,20,63,20,63,18,61,19,64,17,66,14,68,18,72,26,75,26,76,26,76,26,81,26,81,24,80,20,81,16,80,16,80,16,84,17,83,15,84,17,84,18,91,14,93,12,96,25,97,69,99,87,99,93,99,93,99,99,99,
42,0,41,13,40,13,41,17,37,19,37,19,47,23,37,33,38,38,37,40,49,46,37,48,36,49,36,49,35,49,36,52,36,52,36,52,33,50,35,53,37,54,40,56,43,57,44,59,36,59,35,62,34,62,35,71,34,74,32,70,37,75,36,79,34,79,34,79,34,79,33,85,31,75,33,87,33,87,33,91,31,93,28,95,32,99,31,99,25,94,13,89,17,87,13,83,18,80,17,81,18,83,17,83,22,75,0,58,0,60,23,49,47,10,60,12,60,13,67,17,67,19,67,19,85,18,99,20,59,2,
43,15,13,0,99,21,0,2,86,27,56,99,
55,0,52,44,99,27,38,83,35,99,0,72,26,66,36,37,
25,0,36,9,37,9,34,30,38,72,90,66,99,79,96,82,81,99,0,91,2,89,
0,0,99,99,
3,0,12,5,0,10,8,23,20,22,20,22,20,23,20,23,8,29,20,29,20,28,8,34,12,31,12,34,12,34,12,34,16,35,16,43,8,40,3,46,8,48,8,48,3,48,3,52,8,60,16,62,16,62,16,62,20,58,24,58,24,58,24,55,20,55,8,66,8,64,8,64,8,62,0,66,0,68,0,70,12,76,12,76,12,76,12,77,16,77,16,76,16,74,16,74,16,74,20,74,29,74,99,97,99,99,
31,0,31,0,30,2,33,7,33,7,33,7,29,7,35,9,38,11,50,12,45,14,45,14,46,16,45,19,45,20,37,18,30,2,37,21,37,22,37,22,37,21,32,25,28,29,29,31,29,31,28,35,28,35,28,35,37,39,37,39,33,51,33,51,32,51,24,52,24,52,24,52,25,53,25,53,24,57,24,57,19,58,19,58,8,63,9,64,10,64,0,77,0,77,4,75,4,75,14,76,14,76,12,76,12,76,12,76,11,80,12,82,15,83,18,90,18,90,52,91,44,95,99,99,
48,9,0,0,25,0,25,0,55,1,55,1,55,1,55,1,15,19,17,19,99,24,16,41,40,40,53,42,54,42,52,53,52,53,73,58,40,69,40,68,40,86,31,99,31,99,31,99,
39,3,85,2,71,1,85,0,64,1,71,3,39,0,53,4,85,2,76,2,76,1,99,4,24,99,0,97,57,57,
77,0,54,2,54,2,35,2,41,3,45,3,45,8,93,15,69,16,36,24,54,23,72,29,4,39,31,47,36,46,0,59,76,96,99,99,
34,0,51,7,51,7,16,7,99,12,83,15,0,43,67,45,16,88,0,99,
69,0,98,52,98,52,99,59,99,59,99,59,99,59,95,55,92,46,0,99,0,99,
99,0,0,99,
0,0,0,0,0,0,0,0,
0,0,0,0,0,0,0,0,0,0,0,0,0,0,0,0,0,0,0,0,0,0,0,0,0,0,0,0,0,0,0,0,0,0,0,0,0,0,0,0,0,0,0,0,0,0,0,0,0,0,0,0,0,0,0,0,0,0,0,0,0,0,0,0,0,0,0,0,0,0,0,0,0,0,0,0,0,0,0,0,0,0,0,0,0,0,0,0,0,0,0,0,0,0,0,0,0,0,0,0,0,0,0,0,0,0,0,0,0,0,0,0,0,0,0,0,0,0,0,0,0,0,0,0,0,0,0,0,0,0,0,0,0,0,0,0,0,0,0,0,0,0,0,0,0,0,0,0,0,0,0,0,0,0,0,0,0,0,0,0,0,0,0,0,0,0,0,0,0,0,0,0,0,0,0,0,0,0,0,0,0,0,0,0,0,0,0,0,0,0,0,0,0,0,0,0,0,0,0,0,0,0,0,0,0,0,0,0,0,0,0,0,0,0,0,0,0,0,0,0,0,0,0,0,0,0,0,0,0,0,0,0,0,0,0,0,0,0,0,0,0,0,0,0,0,0,0,0,0,0,0,0,0,0,0,0,0,0,0,0,0,0,0,0,0,0,0,0,0,0,0,0,0,0,0,0,0,0,0,0,0,0,0,0,0,0,0,0,0,0,0,0,0,0,0,0,0,0,0,0,0,0,0,0,0,0,0,0,0,0,0,0,0,0,0,0,0,0,0,0,0,0,0,0,0,0,0,0,0,0,0,0,
0,0,0,0,0,0,0,0,0,0,0,0,
0,0,0,0,0,0,0,0,
0,0,79,52,99,44,7,99,
99,0,99,0,99,0,99,0,99,0,56,50,56,50,56,50,56,50,56,50,56,50,82,37,82,37,0,99,0,99,0,99,0,99,0,99,0,99,0,99,82,37,82,37,
0,0,0,0,0,0,0,0,0,0,0,0,0,0,0,0,0,0,0,0,0,0,0,0,0,0,0,0,0,0,0,0,0,0,0,0,0,0,0,0,0,0,0,0,0,0,0,0,0,0,0,0,0,0,0,0,0,0,0,0,0,0,0,0,0,0,0,0,0,0,0,0,0,0,0,0,0,0,0,0,0,0,0,0,0,0,0,0,0,0,0,0,
94,0,91,0,99,6,94,6,80,8,65,13,69,15,70,17,70,17,0,40,48,55,97,99,
64,0,64,0,0,7,64,11,64,11,79,25,99,53,59,98,59,98,56,99,56,98,41,99,41,99,
50,0,43,22,43,22,42,44,43,22,43,22,42,44,42,44,42,44,42,44,42,44,42,44,42,44,42,44,42,44,42,44,42,44,42,44,42,44,42,44,42,44,42,44,43,58,43,58,40,50,43,58,43,58,43,58,43,58,43,58,48,59,88,79,88,79,99,62,0,77,0,77,42,44,42,94,42,94,42,94,42,94,42,94,41,99,41,99,88,79,88,79,88,79,0,77,0,77,0,77,0,77,0,77,0,77,88,79,0,77,0,77,0,77,0,77,0,77,0,77,0,77,0,77,0,77,88,79,0,77,0,77,0,77,0,77,88,79,0,77,0,77,0,77,0,77,
0,0,0,0,0,0,99,99,99,99,99,99,99,99,99,99,
0,0,52,32,52,32,68,20,54,30,54,33,54,34,68,86,78,93,99,99,
39,0,39,0,99,14,99,14,79,19,79,34,0,99,
0,53,0,53,0,53,0,53,0,53,0,53,0,53,0,53,0,53,0,53,0,53,0,53,0,53,0,53,0,53,0,53,0,53,0,53,0,53,0,53,0,53,0,53,0,53,0,53,0,53,0,53,0,53,0,53,0,53,0,53,0,53,0,53,0,53,0,53,0,53,0,53,0,53,0,53,0,53,0,53,0,53,0,53,0,53,0,53,0,53,0,53,0,53,0,53,0,53,0,53,0,53,0,53,0,53,0,53,0,53,0,53,0,53,0,53,0,53,0,53,0,53,0,53,0,53,0,53,0,53,0,53,0,53,0,53,0,53,0,53,0,53,0,53,0,53,0,53,0,53,0,53,0,53,0,53,0,53,0,53,0,53,0,53,0,53,0,53,0,53,0,53,0,53,0,53,0,53,0,53,0,53,0,53,0,53,0,53,0,53,0,53,0,53,0,53,0,53,0,53,0,53,0,53,0,53,0,53,0,53,0,53,0,53,0,53,0,53,0,53,8,61,8,61,13,74,13,74,13,74,37,74,64,75,64,75,77,33,77,33,77,33,77,33,78,17,79,3,79,3,79,3,96,0,96,0,97,13,97,13,97,13,97,13,97,13,97,13,97,13,97,13,97,13,97,13,97,13,97,13,97,13,97,13,97,13,78,17,78,17,77,33,77,33,77,33,77,33,90,38,90,38,90,38,90,38,90,38,82,48,82,48,82,48,99,48,93,59,93,59,93,59,90,69,90,69,79,76,79,76,79,76,64,75,37,74,13,74,13,74,13,74,13,74,9,86,9,86,9,86,9,86,9,86,9,86,24,96,24,96,70,99,70,99,70,99,70,99,70,99,
35,16,99,0,35,16,35,16,56,12,35,16,35,16,35,16,35,16,35,16,35,16,35,16,35,16,35,16,99,0,35,16,35,16,23,85,23,85,23,85,23,85,23,85,0,99,
62,35,0,99,99,0,99,0,
7,0,99,99,0,73,0,73,0,73,0,73,0,73,0,73,0,73,0,73,
6,0,6,0,12,0,15,0,9,12,9,14,6,27,0,25,99,39,3,45,6,50,6,75,6,77,6,79,9,83,6,85,3,93,0,99,3,99,9,14,
99,63,2,0,0,61,39,99,
99,0,99,0,49,28,49,28,99,0,49,28,49,28,49,28,99,0,63,34,99,0,0,47,99,0,47,79,47,79,52,99,99,0,
40,2,38,2,38,2,34,2,34,2,34,2,34,2,34,3,34,3,33,0,34,2,37,6,35,7,40,10,41,11,41,11,41,12,40,17,39,17,40,17,40,16,40,16,40,16,40,16,40,16,41,15,41,15,40,16,38,16,38,16,38,22,39,27,39,29,38,31,31,32,33,32,38,35,39,37,41,38,47,39,41,38,23,36,23,36,23,36,23,35,23,35,23,35,24,35,23,35,35,39,35,42,35,47,35,46,31,44,34,47,27,47,26,47,19,50,19,50,21,50,21,50,30,55,17,55,12,57,15,57,16,56,16,56,16,56,15,56,1,60,0,59,0,59,2,60,8,61,7,63,9,69,23,68,27,68,2,63,15,77,15,77,15,77,23,79,24,81,22,82,22,83,20,83,20,83,21,84,21,85,24,84,24,84,23,84,28,85,36,94,35,95,36,95,44,99,48,99,56,99,61,99,67,99,99,99,
17,0,9,6,9,7,9,8,8,10,5,10,5,10,6,11,11,13,16,13,16,13,16,13,16,13,9,16,9,16,7,17,3,16,3,16,0,17,5,25,11,30,6,31,6,31,6,32,8,34,10,33,10,33,12,33,12,33,20,34,24,34,24,35,28,36,28,36,29,36,28,38,28,38,26,39,24,39,15,41,15,41,20,43,20,43,20,43,17,46,18,46,26,49,26,49,15,51,13,52,13,52,13,52,13,52,14,52,13,53,13,54,12,54,12,54,18,58,27,56,50,51,77,49,77,49,80,50,82,49,86,49,88,49,88,49,95,50,97,50,96,50,96,53,93,57,93,58,93,58,94,59,86,59,86,59,86,59,82,65,81,64,91,71,94,71,94,71,99,73,95,76,95,76,87,75,85,75,91,74,90,81,83,85,83,85,83,85,84,84,82,83,82,83,11,72,9,77,9,78,15,81,15,81,10,85,8,96,8,99,
2,0,13,67,0,69,0,69,99,99,
99,0,0,12,0,12,5,18,5,18,44,41,44,41,27,43,27,43,20,54,29,57,72,83,17,95,16,98,8,99,15,95,15,95,15,95,8,99,
99,0,0,99,
74,0,74,3,74,3,74,4,74,3,72,7,72,7,69,13,69,16,72,16,72,16,72,16,72,16,72,18,72,18,72,18,72,18,72,18,67,21,67,19,67,22,55,25,53,25,53,36,53,36,55,45,55,45,53,45,53,45,58,45,55,46,55,46,55,48,53,46,53,46,55,49,55,49,58,48,55,46,55,46,60,51,51,49,53,49,51,49,51,49,51,49,51,49,58,53,58,53,58,53,65,53,67,53,67,53,72,54,72,54,69,54,67,57,69,60,67,62,67,62,67,62,67,62,62,65,65,63,65,63,65,63,67,65,69,62,67,66,67,66,67,68,67,68,67,68,67,68,67,69,67,69,67,69,67,69,67,71,65,71,67,71,67,71,67,72,67,72,67,74,67,74,67,74,67,74,67,75,65,75,65,75,65,78,67,80,67,81,67,81,65,84,65,86,65,95,58,90,62,92,67,92,67,92,69,93,69,93,67,92,67,93,67,93,69,93,69,95,72,95,74,96,76,96,79,96,81,96,99,99,46,96,60,95,60,93,62,93,46,92,46,92,46,92,39,92,27,92,25,92,25,92,23,90,23,90,18,89,18,89,13,87,13,87,13,87,13,87,13,89,0,87,
0,0,0,0,
60,0,59,0,57,0,48,1,48,0,48,0,48,0,48,0,50,1,50,1,50,4,46,3,42,3,37,3,25,7,24,7,22,7,20,8,18,8,13,8,8,9,6,10,7,10,7,10,6,10,3,11,6,13,6,13,7,14,5,15,4,17,4,17,3,16,2,16,2,16,0,21,2,22,5,22,8,21,16,20,20,20,20,20,22,21,24,21,33,21,32,20,33,20,33,20,34,20,37,18,39,17,39,18,39,18,46,18,47,18,40,22,40,23,40,23,40,23,40,23,41,25,39,25,38,26,38,26,37,25,26,25,22,30,20,31,21,33,27,30,28,29,31,28,34,27,38,27,38,27,42,27,43,28,56,32,62,33,63,36,66,35,71,34,73,34,80,30,82,30,83,30,87,29,94,31,95,32,99,35,96,37,95,37,96,42,96,48,96,49,53,53,30,57,27,64,27,63,27,63,34,63,38,62,38,63,38,67,38,70,37,70,34,71,34,72,31,72,30,72,23,71,23,71,23,71,21,76,20,77,24,80,0,99,0,99,0,99,0,99,0,99,0,99,0,99,0,99,0,99,0,99,0,99,0,99,0,99,0,99,0,99,0,99,0,99,0,99,0,99,0,99,0,99,0,99,0,99,0,99,0,99,0,99,
99,0,82,48,0,99,
27,4,0,0,41,22,37,33,44,46,44,57,89,60,72,60,62,62,82,75,99,73,99,91,55,99,
99,0,72,77,74,74,76,82,76,82,68,99,0,96,6,94,21,74,31,69,30,70,30,70,9,64,17,64,16,65,15,65,18,64,23,63,43,53,44,42,
99,0,37,87,37,87,0,99,0,99,37,87,0,99,37,87,
99,0,0,75,0,75,0,75,13,88,13,88,13,99,
99,7,99,7,19,0,18,2,17,1,18,1,0,30,0,31,0,38,0,38,0,48,0,48,2,55,1,55,1,55,1,74,0,76,4,77,4,79,4,79,4,82,4,82,7,84,11,88,11,88,17,88,17,88,17,88,17,88,17,88,10,88,10,93,11,99,
99,1,99,0,99,0,85,9,85,9,85,9,85,11,85,11,71,12,71,12,71,12,71,18,71,18,71,18,85,31,71,37,42,31,14,33,28,37,42,38,56,38,42,46,42,55,42,64,42,62,56,40,56,40,28,79,42,72,28,83,99,85,14,96,14,98,0,99,
0,0,0,0,0,0,0,0,0,0,0,0,0,0,0,0,0,0,0,0,0,0,0,0,0,0,0,0,0,0,0,0,0,0,0,0,0,0,0,0,0,0,0,0,0,0,0,0,0,0,
97,0,96,2,99,4,86,14,84,15,82,17,88,19,82,31,71,34,96,34,92,38,82,39,76,42,73,46,88,47,87,47,87,47,73,50,31,56,22,58,9,59,18,60,22,59,19,62,0,64,15,74,15,74,14,74,33,75,42,80,69,81,98,80,77,81,46,83,65,85,70,86,70,86,62,92,59,97,53,99,
0,0,0,0,0,0,0,0,0,0,0,0,0,0,0,0,0,0,0,0,0,0,0,0,0,0,0,0,0,0,0,0,0,0,0,0,0,0,0,0,0,0,0,0,0,0,0,0,0,0,0,0,0,0,0,0,0,0,0,0,0,0,0,0,0,0,0,0,0,0,0,0,0,0,0,0,0,0,0,0,0,0,0,0,0,0,0,0,0,0,0,0,0,0,0,0,0,0,0,0,0,0,0,0,0,0,0,0,0,0,0,0,0,0,0,0,0,0,0,0,0,0,0,0,0,0,0,0,0,0,0,0,0,0,0,0,0,0,0,0,0,0,0,0,0,0,0,0,0,0,0,0,0,0,0,0,0,0,0,0,0,0,0,0,0,0,0,0,0,0,0,0,0,0,0,0,0,0,0,0,0,0,0,0,0,0,0,0,0,0,0,0,0,0,0,0,0,0,0,0,0,0,0,0,0,0,0,0,0,0,0,0,0,0,0,0,0,0,0,0,0,0,0,0,0,0,0,0,0,0,0,0,0,0,0,0,0,0,0,0,0,0,0,0,0,0,0,0,0,0,0,0,0,0,0,0,0,0,0,0,0,0,0,0,0,0,0,0,0,0,0,0,0,0,0,0,0,0,0,0,0,0,0,0,0,0,0,0,0,0,0,0,0,0,0,0,0,0,0,0,0,0,0,0,0,0,0,0,0,0,0,0,0,0,0,0,0,0,0,0,0,0,0,0,0,0,0,0,0,0,0,0,0,0,0,0,0,0,0,0,0,0,0,0,0,0,0,0,0,0,0,0,0,0,0,0,0,0,0,0,0,0,0,0,0,0,0,0,0,0,0,0,0,0,0,0,0,0,0,0,0,0,0,0,0,0,0,0,0,0,0,0,0,0,0,0,0,0,0,0,0,0,0,0,0,0,0,0,0,0,0,0,0,0,0,0,0,0,0,0,0,0,0,0,0,0,0,0,0,0,0,0,0,0,0,0,0,0,0,0,0,0,0,0,0,0,0,0,0,0,0,0,0,0,0,0,0,0,0,0,0,0,0,0,0,0,0,0,
99,61,14,44,25,0,0,99,14,73,
99,0,0,99,14,95,14,95,
0,0,0,0,0,0,0,0,0,0,0,0,0,0,0,0,0,0,0,0,0,0,0,0,0,0,0,0,0,0,0,0,0,0,0,0,0,0,0,0,0,0,0,0,0,0,
99,99,0,0,0,27,
96,0,99,0,94,4,94,6,90,8,91,16,90,16,90,16,90,16,90,16,76,34,76,34,76,34,76,34,76,34,76,34,76,42,76,42,76,42,76,42,0,45,0,45,57,65,57,82,59,82,59,82,47,99,47,99,47,99,47,99,47,99,47,99,47,99,
31,0,47,0,81,3,75,4,75,6,86,23,61,25,75,34,80,33,99,32,34,37,28,37,93,87,75,91,0,99,
24,0,19,10,7,7,10,9,10,14,9,14,10,14,11,16,23,24,22,32,13,31,8,45,8,45,8,45,0,60,0,60,0,60,7,62,6,62,2,69,2,69,2,69,10,77,12,79,12,79,18,90,99,99,
65,0,65,0,99,25,99,25,99,25,99,25,99,25,0,99,0,99,0,99,0,99,0,99,
0,29,99,0,0,77,4,99,
86,0,82,0,95,8,99,24,99,24,99,25,99,24,59,33,80,49,83,54,83,54,0,77,20,99,83,54,
74,0,73,0,0,13,99,87,60,99,
47,2,58,0,58,0,56,7,56,7,56,7,53,8,55,7,54,7,54,7,54,7,55,7,56,8,56,8,56,7,55,7,56,7,56,7,56,7,53,8,56,9,57,10,52,12,61,11,56,12,56,12,58,12,58,12,56,12,56,12,47,15,53,15,38,15,54,11,47,15,48,15,24,17,29,16,29,16,29,16,29,17,32,20,33,19,34,20,33,21,30,20,31,21,32,21,32,21,32,30,33,30,29,31,35,31,29,35,29,35,38,35,37,35,33,35,33,35,33,35,20,37,18,37,18,37,18,38,19,38,17,41,18,41,19,42,0,38,5,40,13,42,19,42,19,48,15,49,15,49,15,49,22,53,23,54,23,54,23,54,24,57,24,57,24,57,24,57,20,58,20,59,21,59,21,59,21,59,34,68,33,68,37,68,44,68,44,68,44,68,44,68,42,67,42,66,43,66,43,66,43,65,42,65,43,65,46,71,45,71,47,72,47,72,47,72,59,75,61,74,60,74,84,76,57,78,57,78,55,76,54,76,53,75,52,75,49,77,48,79,49,79,50,80,47,79,47,79,49,79,49,78,57,79,58,79,59,79,60,79,60,79,58,80,60,81,61,81,62,82,62,82,59,83,65,83,66,83,63,85,57,85,55,85,51,86,54,87,52,87,48,86,53,88,47,90,46,90,46,90,46,90,47,93,47,93,47,93,47,94,47,95,56,95,56,95,56,95,55,96,53,96,53,95,95,99,99,99,
0,0,0,0,0,0,0,0,0,0,0,0,0,0,0,0,0,0,0,0,0,0,0,0,0,0,0,0,0,0,0,0,0,0,0,0,0,0,0,0,0,0,0,0,0,0,0,0,0,0,0,0,0,0,0,0,0,0,0,0,0,0,0,0,0,0,0,0,0,0,0,0,0,0,0,0,0,0,0,0,0,0,0,0,0,0,0,0,0,0,0,0,0,0,0,0,0,0,0,0,0,0,0,0,0,0,0,0,0,0,0,0,0,0,0,0,0,0,0,0,0,0,0,0,0,0,0,0,0,0,0,0,
11,7,28,0,31,5,50,17,60,13,0,11,25,29,99,99,
32,0,25,1,23,11,23,11,23,11,31,23,28,25,44,28,39,27,27,30,32,39,32,39,20,47,20,47,26,44,22,45,22,46,26,57,30,64,28,66,22,61,22,61,24,64,26,70,19,67,16,72,61,34,69,60,69,59,69,59,69,59,69,58,69,58,69,58,69,58,69,58,68,58,68,57,68,57,68,57,68,57,68,56,68,56,68,55,68,55,67,50,67,50,66,49,66,48,93,44,93,44,93,47,95,53,95,53,98,59,90,67,90,67,90,69,90,69,94,71,94,71,95,72,96,73,97,74,98,76,99,77,64,91,14,78,2,74,0,60,27,88,23,92,24,99,24,99,
0,0,0,0,0,0,0,0,0,0,0,0,0,0,0,0,99,99,
14,0,24,0,37,8,14,19,9,45,0,49,0,49,10,53,60,68,97,50,99,59,95,62,96,61,99,78,99,79,97,93,87,96,74,99,
0,0,0,0,0,0,0,0,0,0,0,0,0,0,0,0,0,0,0,0,0,0,0,0,0,0,0,0,0,0,0,0,0,0,0,0,0,0,0,0,0,0,0,0,0,0,0,0,0,0,0,0,0,0,0,0,0,0,0,0,0,0,0,0,0,0,0,0,0,0,0,0,0,0,0,0,0,0,0,0,0,0,0,0,0,0,0,0,0,0,0,0,0,0,0,0,0,0,0,0,0,0,0,0,0,0,0,0,0,0,0,0,0,0,0,0,0,0,0,0,0,0,0,0,0,0,0,0,0,0,0,0,0,0,0,0,0,0,0,0,0,0,0,0,0,0,0,0,0,0,0,0,0,0,0,0,0,0,0,0,0,0,0,0,0,0,0,0,0,0,0,0,0,0,0,0,0,0,0,0,0,0,0,0,0,0,0,0,0,0,0,0,0,0,0,0,0,0,0,0,0,0,0,0,0,0,0,0,0,0,
52,99,99,84,0,16,9,0,
99,99,38,0,34,5,33,5,33,5,33,6,38,7,37,7,37,7,37,7,37,7,47,16,47,16,44,16,43,15,42,20,46,24,40,23,57,32,46,31,48,34,46,33,45,33,45,33,43,37,46,37,44,38,42,55,42,55,44,52,43,47,43,47,43,47,43,47,43,47,20,40,12,42,14,44,14,44,14,44,14,44,13,45,13,45,13,45,13,45,13,45,13,45,13,45,13,45,13,45,13,45,13,45,17,45,16,45,19,45,19,45,18,49,18,49,18,49,18,49,18,49,18,49,15,49,15,49,15,49,15,49,6,51,3,52,2,52,1,52,1,53,1,53,1,53,2,54,0,53,0,53,3,56,3,56,4,60,3,60,1,60,0,59,24,60,8,36,24,69,32,69,31,69,32,69,32,70,32,70,29,71,29,71,28,70,41,70,43,72,42,71,42,72,42,72,42,72,52,69,52,69,85,71,85,71,85,71,84,77,80,73,82,70,83,71,80,64,55,78,53,78,39,85,35,93,35,92,35,93,35,93,
23,0,28,1,21,14,23,18,27,12,42,12,17,21,27,19,20,22,26,26,23,26,23,25,22,39,23,37,26,46,22,43,27,42,28,43,30,45,32,45,24,44,13,44,32,51,35,69,15,69,9,64,0,74,4,81,16,80,33,85,33,84,99,63,89,79,89,80,89,80,88,81,88,79,88,78,88,76,10,99,17,99,19,99,21,99,18,98,28,99,19,96,
0,0,0,0,0,0,
79,0,79,0,63,47,69,59,72,67,70,91,71,90,94,88,91,93,97,94,97,92,97,92,99,88,98,99,98,99,99,99,99,90,0,74,25,81,17,70,24,71,24,71,63,69,62,70,62,70,64,71,64,72,65,71,65,70,46,50,46,47,
15,0,3,54,19,73,0,54,95,99,99,97,95,98,
99,62,12,0,0,99,
70,0,70,0,66,0,67,1,67,1,71,10,73,10,96,15,99,16,98,16,64,27,63,27,63,27,66,31,67,31,67,33,59,33,37,34,37,35,36,34,35,34,26,35,26,36,37,43,45,43,54,45,54,47,57,50,45,50,38,52,35,52,35,52,35,52,35,52,39,52,57,53,54,59,53,71,53,71,55,74,56,75,53,74,51,83,51,83,52,84,46,83,36,86,40,84,37,84,33,84,35,84,31,85,31,85,33,85,31,87,30,87,27,89,33,90,26,90,18,88,18,88,16,87,16,87,1,87,1,84,1,85,2,85,2,86,0,87,0,87,23,96,32,93,34,93,48,93,47,94,44,96,50,98,52,99,58,99,
77,0,75,0,74,0,64,7,68,7,68,7,59,11,55,15,59,15,59,15,58,15,57,16,36,20,37,20,38,19,21,38,21,38,21,38,21,38,18,43,81,55,75,52,55,49,46,49,46,49,38,52,38,52,38,52,31,51,31,51,31,51,31,51,31,51,30,51,0,78,13,74,0,77,0,79,11,81,30,80,31,79,51,94,50,94,99,99,
99,0,99,0,82,1,81,5,88,11,92,17,0,99,0,99,
47,0,47,0,41,0,41,7,41,8,23,18,23,18,23,18,21,48,21,48,21,48,21,50,21,50,21,50,40,53,40,53,23,55,23,55,11,62,11,62,11,62,21,58,16,68,9,75,0,74,12,75,22,79,31,84,31,84,46,94,99,99,
3,0,0,99,99,17,
63,0,0,53,72,99,99,99,
75,2,73,0,75,1,80,1,79,4,74,8,74,8,74,9,74,9,74,9,74,9,73,10,73,10,74,12,74,12,74,12,74,12,74,12,74,12,74,12,73,12,74,12,74,12,73,13,73,13,75,13,81,14,82,15,82,15,83,15,83,15,83,15,85,15,86,16,87,16,88,16,90,17,91,18,91,18,91,18,91,18,91,18,91,18,91,18,92,18,90,19,91,20,91,21,91,22,89,22,85,22,84,23,84,23,84,23,83,22,82,22,86,22,87,22,84,23,83,23,71,28,71,29,71,29,71,29,71,29,71,29,71,29,70,32,70,32,71,32,71,32,71,32,71,32,71,32,71,32,71,32,72,32,71,32,71,32,71,32,71,32,71,32,71,32,71,32,71,32,71,32,71,32,71,32,69,32,52,34,49,34,43,35,43,35,40,35,39,35,35,36,35,37,37,38,37,38,36,39,36,39,34,41,33,42,33,42,33,42,33,42,34,42,34,42,40,40,38,41,33,44,34,45,29,48,34,50,34,51,34,51,34,51,34,51,34,51,34,51,34,51,34,51,34,51,36,51,37,52,38,53,38,53,39,54,37,54,36,55,37,55,37,57,39,57,37,58,31,57,29,57,29,57,16,57,14,57,13,56,14,55,13,56,15,57,18,58,5,57,0,57,11,56,14,55,13,56,19,56,21,58,15,58,15,57,16,57,22,57,38,53,43,57,26,60,44,58,45,58,42,59,41,59,46,61,55,62,53,63,54,63,55,65,55,65,55,65,55,67,61,70,61,71,61,71,59,72,60,72,59,73,59,74,68,76,67,79,67,79,67,79,61,81,61,81,61,81,62,82,62,82,62,82,62,82,61,88,59,88,59,89,44,95,60,97,59,97,73,99,74,99,87,99,89,99,95,99,98,99,99,99,
0,0,0,0,0,0,
99,0,28,84,0,25,22,99,28,84,28,74,
96,0,99,3,84,21,77,28,68,32,81,36,74,36,74,36,0,35,10,38,10,38,32,36,16,43,46,58,66,57,50,54,52,54,36,62,36,62,36,62,21,75,21,75,21,75,81,79,90,87,99,87,99,87,80,87,79,88,81,88,81,88,37,99,
99,0,0,99,
0,0,0,0,0,0,0,0,0,0,0,0,0,0,0,0,0,0,0,0,0,0,0,0,0,0,0,0,0,0,0,0,0,0,0,0,0,0,0,0,
15,0,16,0,16,0,24,9,23,9,24,10,26,12,21,20,21,20,22,20,21,25,12,29,1,66,5,83,0,87,7,98,34,98,99,99,
0,0,0,0,0,0,0,0,
99,0,99,9,99,17,48,66,48,64,0,74,99,99,
99,0,60,86,0,99,
94,3,99,0,55,12,57,11,35,21,31,27,75,32,75,42,52,53,30,52,0,65,12,87,12,99,
0,0,0,0,0,0,0,0,0,0,0,0,0,0,0,0,0,0,0,0,0,0,
97,0,91,0,91,0,73,6,72,7,81,6,78,10,71,13,72,14,99,18,95,25,85,27,84,27,85,29,73,30,59,32,59,47,57,50,64,51,68,54,67,60,71,84,74,86,87,86,90,87,88,87,92,94,80,97,91,97,90,98,88,97,0,99,0,99,
54,22,40,0,99,38,99,38,0,99,
18,21,99,0,0,99,
0,0,20,97,99,99,
0,0,0,0,0,0,0,0,0,0,
99,0,0,99,
19,0,20,0,24,4,23,4,22,10,18,13,19,14,19,17,17,20,18,21,22,26,22,26,21,27,17,27,17,28,13,27,6,28,5,31,5,31,17,39,16,41,15,40,18,41,23,42,22,43,21,43,21,45,22,43,23,44,14,53,17,54,18,62,11,76,7,90,7,90,4,96,4,96,4,96,4,96,4,96,9,99,8,99,0,96,1,96,1,96,8,96,27,97,35,97,59,99,75,99,99,99,
56,0,8,83,0,92,99,99,
99,0,99,3,0,18,43,99,30,99,
99,99,99,99,0,0,
99,0,99,0,21,40,14,48,0,91,5,90,5,90,5,90,5,90,14,95,25,95,21,99,21,99,
0,0,0,0,0,0,0,0,0,0,0,0,0,0,0,0,0,0,0,0,
0,0,0,0,0,0,0,0,0,0,0,0,0,0,0,0,
0,0,99,55,34,99,96,38,
50,13,42,0,37,45,36,70,84,99,99,91,0,10,
0,0,0,0,17,15,16,18,16,18,22,49,6,60,6,61,6,63,6,62,6,63,6,63,99,99,
0,0,0,0,0,0,
99,0,55,63,0,99,
99,99,0,0,
0,0,6,7,41,15,42,14,14,30,0,61,99,99,
99,58,99,58,99,58,99,58,99,58,99,58,86,99,99,58,0,0,99,58,99,58,99,58,
0,99,99,0,99,0,
0,0,17,68,29,85,99,71,99,97,20,99,
45,0,45,0,45,1,45,1,45,1,45,1,45,1,45,1,44,2,44,2,45,3,45,3,46,4,46,4,46,4,46,4,44,8,44,8,42,9,42,9,42,9,42,9,38,9,38,9,38,9,38,9,38,9,38,9,38,9,38,9,38,9,38,9,38,9,38,9,38,9,38,9,38,9,38,9,38,9,38,9,38,11,38,11,38,11,38,11,38,11,38,11,38,11,38,11,35,13,35,13,35,13,35,13,33,15,33,15,30,16,30,16,30,16,30,16,24,19,24,19,24,19,24,19,23,20,23,20,23,20,23,20,23,20,25,22,25,22,25,22,25,22,25,23,25,23,25,23,25,23,26,24,26,24,28,24,28,24,28,24,28,24,28,24,28,24,28,24,28,24,32,26,32,26,33,27,33,27,34,28,34,28,35,29,35,29,34,30,34,30,34,30,34,30,34,30,34,30,34,30,34,30,34,30,34,30,34,30,34,30,34,30,34,30,25,32,25,32,25,32,25,32,25,32,25,32,23,32,23,32,22,33,22,33,22,33,22,33,22,33,22,33,22,33,22,33,22,33,22,33,22,33,22,33,22,33,22,33,17,37,17,37,17,37,17,37,16,37,16,37,16,37,16,37,16,37,16,37,15,38,15,38,15,38,15,38,14,39,14,39,14,39,14,39,14,39,14,39,14,39,14,39,14,39,14,43,14,43,14,43,14,43,14,45,14,45,14,45,14,45,14,45,14,45,13,47,13,47,14,50,14,50,19,51,19,51,19,51,19,51,24,51,24,51,29,50,29,50,28,50,28,50,28,50,28,50,28,50,28,50,28,50,28,50,29,51,29,51,29,51,29,51,29,51,29,51,29,51,29,51,29,51,29,51,41,51,41,51,41,51,41,51,41,51,41,51,44,50,44,50,45,50,45,50,34,50,34,50,32,50,32,50,34,57,34,57,34,57,34,57,31,57,31,57,23,58,23,58,23,58,23,58,23,58,23,58,23,58,23,58,23,58,23,58,23,58,23,58,16,62,16,62,16,62,16,62,12,63,12,63,3,62,3,62,1,62,1,62,1,62,1,62,1,62,1,62,1,62,1,62,1,62,1,62,1,62,1,62,1,62,0,62,0,62,0,62,0,62,1,62,1,62,1,62,1,62,1,62,1,62,1,62,1,62,3,64,3,64,3,64,3,64,3,64,3,64,3,64,3,64,3,64,6,65,6,65,6,65,6,65,6,65,6,65,6,65,6,63,6,63,6,63,6,63,6,63,6,63,4,64,5,64,5,64,5,64,5,64,5,64,5,64,5,64,5,64,2,63,2,63,6,64,6,64,6,64,6,64,6,64,6,64,6,64,6,64,6,64,6,64,6,64,16,67,16,67,16,67,16,67,16,68,16,68,16,69,16,69,16,73,16,73,15,77,15,77,15,77,15,77,15,77,14,78,14,78,14,78,14,78,14,78,14,78,14,78,14,78,23,80,23,80,23,80,23,80,23,80,23,80,23,80,23,80,25,81,25,81,25,81,25,81,24,82,24,82,24,82,24,82,24,82,26,86,26,86,28,86,28,86,28,86,28,86,35,87,35,87,38,90,38,90,39,91,39,91,37,97,37,97,37,97,37,94,37,94,38,98,38,98,38,99,38,99,44,99,44,99,59,99,59,99,61,99,61,99,65,99,65,99,73,99,73,99,99,99,99,99,99,99,99,99,
41,0,0,84,5,73,99,99,97,99,
73,3,0,0,67,23,88,18,74,28,74,28,74,28,76,36,73,36,70,39,73,39,88,35,71,38,58,49,99,58,99,58,50,61,3,68,49,69,59,99,
0,0,0,0,0,0,0,0,0,0,0,0,0,0,0,0,0,0,0,0,
0,0,0,0,
25,0,24,10,24,13,28,14,39,14,34,24,23,25,18,35,10,47,9,51,9,51,9,51,9,51,0,55,0,55,6,60,91,54,97,71,99,74,83,73,90,75,90,75,88,93,83,99,30,79,23,79,6,89,6,89,
99,0,99,0,99,0,99,0,50,10,50,10,44,0,44,0,57,16,57,16,39,28,53,36,63,39,63,39,63,39,40,47,40,47,39,54,0,60,0,60,33,64,33,64,33,64,31,54,32,84,15,99,
0,0,0,0,0,0,0,0,0,0,0,0,
0,99,37,99,99,0,
0,0,99,99,
99,0,99,0,99,0,99,7,99,7,96,29,96,29,81,29,81,29,83,35,83,35,96,29,93,43,84,47,99,0,84,47,91,63,85,60,62,68,62,68,62,68,71,79,71,79,71,79,71,79,87,90,0,99,33,89,
26,0,99,26,0,57,86,99,
99,0,99,0,99,0,99,0,99,0,99,0,99,0,99,0,76,23,99,0,99,0,99,0,99,0,99,0,99,0,99,0,99,0,99,0,99,0,99,0,76,23,76,23,76,23,76,23,76,23,76,23,76,23,76,23,76,23,76,23,76,23,76,23,76,23,76,23,76,23,76,23,76,23,76,23,76,23,76,23,76,23,76,23,76,23,76,23,76,23,76,23,76,23,76,23,76,23,76,23,76,23,76,23,76,23,76,23,76,23,76,23,76,23,76,23,76,23,76,23,76,23,76,23,76,23,76,23,76,23,76,23,76,23,76,23,76,23,76,23,76,23,76,23,76,23,76,23,76,23,76,23,76,23,76,23,76,23,76,23,76,23,76,23,76,23,76,23,76,23,76,23,76,23,76,23,76,23,76,23,76,23,76,23,76,23,76,23,76,23,76,23,76,23,76,23,76,23,76,23,76,23,76,23,76,23,76,23,76,23,76,23,76,23,76,23,76,23,76,23,76,23,76,23,76,23,76,23,76,23,76,23,76,23,76,23,76,23,76,23,76,23,76,23,76,23,76,23,76,23,76,23,76,23,76,23,76,23,76,23,76,23,76,23,76,23,76,23,76,23,76,23,76,23,76,23,76,23,76,23,76,23,76,23,76,23,76,23,76,23,76,23,76,23,76,23,76,23,76,23,76,23,76,23,76,23,76,23,76,23,76,23,76,23,76,23,76,23,76,23,76,23,76,23,76,23,76,23,76,23,76,23,76,23,76,23,76,23,76,23,76,23,76,23,76,23,76,23,76,23,76,23,76,23,76,23,76,23,76,23,76,23,76,23,76,23,76,23,76,23,76,23,76,23,76,23,76,23,76,23,76,23,76,23,76,23,76,23,76,23,76,23,76,23,76,23,76,23,76,23,76,23,76,23,76,23,76,23,76,23,76,23,76,23,76,23,76,23,76,23,76,23,76,23,76,23,76,23,76,23,76,23,76,23,76,23,76,23,76,23,76,23,76,23,76,23,76,23,76,23,76,23,76,23,76,23,76,23,76,23,76,23,76,23,76,23,76,23,76,23,76,23,76,23,76,23,76,23,76,23,76,23,76,23,76,23,76,23,76,23,76,23,76,23,76,23,76,23,76,23,76,23,76,23,76,23,76,23,76,23,76,23,76,23,76,23,76,23,76,23,76,23,76,23,76,23,0,99,76,23,0,99,0,99,
0,0,10,5,90,9,93,15,99,15,75,62,15,99,
68,0,99,3,75,59,34,65,0,99,
92,0,90,1,99,4,91,24,80,25,79,25,72,35,84,42,84,62,0,99,0,99,
99,0,99,0,17,19,17,19,10,99,11,56,11,56,11,56,0,74,16,87,16,87,
14,0,15,7,15,7,15,7,15,7,15,7,12,19,10,28,11,30,6,20,18,34,9,37,0,43,0,45,4,47,4,47,4,47,4,47,4,47,4,47,11,82,99,99,
17,51,40,0,99,5,17,51,32,13,27,26,29,24,17,51,17,51,17,51,11,66,17,51,17,51,16,86,0,99,17,51,
0,0,99,14,72,25,92,75,90,99,
56,3,49,0,99,21,67,59,89,37,80,66,79,65,79,65,79,68,86,78,96,80,17,99,10,95,8,88,0,91,21,65,20,77,
90,12,99,0,92,34,0,99,
92,0,73,4,64,12,65,22,47,30,0,39,99,48,29,58,32,70,32,69,10,77,40,86,16,93,25,91,2,91,12,99,
99,0,91,22,91,22,91,22,91,22,0,99,0,99,0,99,0,99,0,99,0,99,0,99,
0,0,99,99,
22,11,26,9,27,9,21,13,25,13,25,13,21,16,22,21,23,19,25,35,22,59,22,60,36,71,35,74,35,74,36,76,56,79,77,80,26,99,28,99,28,99,17,96,33,96,1,61,0,54,0,43,1,36,1,32,2,0,2,0,99,14,
99,0,0,99,
99,99,0,28,0,28,86,0,
0,0,0,0,0,0,0,0,2,20,2,20,2,20,99,99,99,99,
99,0,54,15,49,16,38,72,0,77,66,99,
25,0,0,7,0,11,0,17,0,17,0,17,0,17,99,99,
0,0,0,0,0,0,0,0,0,0,0,0,
99,0,16,10,25,50,25,51,25,51,25,51,0,99,
0,0,82,95,99,99,
0,0,30,62,99,99,
14,0,18,0,0,6,3,8,7,10,14,30,29,30,33,32,33,40,33,40,18,34,18,36,11,36,18,38,14,42,26,46,33,46,14,53,88,50,96,49,92,49,92,49,88,49,92,49,92,59,92,59,92,59,88,63,88,63,88,63,88,67,99,67,99,69,92,71,92,71,88,71,92,71,88,75,88,75,88,75,88,75,99,75,96,75,99,75,99,75,99,75,99,75,96,75,92,79,92,79,92,87,18,99,
99,0,0,0,
99,0,0,99,
7,0,6,0,7,2,7,9,6,14,7,22,6,27,6,29,0,36,3,40,5,53,9,66,14,77,12,77,99,99,
99,0,36,85,0,85,11,86,4,99,
43,0,99,22,43,34,0,99,
48,0,49,0,48,0,72,2,71,1,98,5,99,4,99,3,99,4,52,4,51,4,47,8,47,12,48,23,47,23,43,23,35,29,41,33,44,46,45,52,43,57,43,58,46,60,42,61,43,63,41,68,43,72,41,73,41,75,36,77,33,77,29,76,26,76,21,68,22,68,22,70,20,70,20,70,20,70,19,71,26,60,42,79,41,79,0,99,0,99,
43,30,99,0,75,63,0,63,0,63,55,99,
0,0,0,0,0,0,0,0,0,0,0,0,0,0,0,0,0,0,0,0,0,0,0,0,0,0,0,0,0,0,0,0,0,0,0,0,0,0,0,0,0,0,0,0,0,0,0,0,0,0,0,0,0,0,0,0,0,0,0,0,0,0,0,0,0,0,0,0,
0,0,0,21,0,21,99,34,0,99,
0,0,7,20,99,94,92,92,23,99,
31,0,31,0,31,0,31,0,31,15,31,15,31,15,31,15,46,20,46,20,33,33,33,33,33,33,33,33,33,33,33,33,33,33,33,33,25,35,25,35,25,35,25,35,25,35,25,35,25,35,25,35,16,34,16,34,16,34,21,41,21,41,21,41,21,41,21,41,21,41,21,41,21,41,21,41,21,41,23,50,23,50,23,50,23,50,21,51,21,51,21,51,21,51,9,51,9,50,9,51,9,51,9,51,9,51,12,59,12,59,8,61,8,61,4,61,4,61,4,61,4,61,4,61,4,61,4,61,4,61,4,64,4,64,2,61,14,62,14,62,14,62,14,62,14,62,14,62,24,72,24,72,27,71,27,71,27,71,27,71,23,73,23,73,19,77,19,77,19,77,19,77,27,79,27,79,38,81,36,79,36,79,29,77,29,77,29,77,29,77,29,77,4,75,4,75,8,73,8,73,8,73,8,73,8,73,8,73,8,73,8,73,1,69,1,71,1,71,1,71,1,71,20,83,20,83,20,83,20,83,20,83,20,83,20,83,35,82,35,82,35,82,38,86,38,86,38,86,0,99,0,99,33,85,33,85,33,85,30,89,30,89,30,89,30,89,99,96,99,96,
0,0,0,0,
40,0,67,0,48,27,81,31,84,38,61,38,71,49,74,51,48,56,43,59,41,75,40,93,56,99,74,94,99,88,0,40,0,35,8,12,16,1,
0,0,0,0,0,0,0,0,
99,0,36,38,32,40,0,35,68,41,47,82,43,99,
0,99,83,0,67,70,99,75,
15,18,15,18,16,25,9,35,0,38,9,99,39,52,39,52,38,42,38,42,30,24,30,24,21,0,43,0,99,19,99,19,
53,0,53,0,53,0,53,0,99,64,99,64,0,99,
0,0,0,0,
99,99,0,0,
0,58,7,0,99,99,
0,4,0,3,0,0,0,1,99,99,
22,0,0,41,11,91,67,99,99,99,
47,0,62,13,59,13,50,19,47,19,47,22,47,23,42,46,5,55,0,60,5,61,35,62,26,65,41,81,40,89,32,93,34,95,72,99,94,77,97,54,98,53,99,54,98,55,83,47,
55,17,42,14,26,20,55,17,42,14,71,47,68,0,23,45,55,17,71,47,0,99,99,31,
0,0,0,0,0,0,0,0,
43,0,99,14,99,14,99,14,31,29,9,44,6,53,6,53,6,53,0,83,0,99,
0,99,99,0,
64,0,58,2,60,2,60,2,82,14,74,11,99,24,57,41,27,40,22,37,19,41,2,36,21,46,28,50,25,50,37,55,28,58,25,61,11,67,24,71,30,71,27,78,31,78,66,86,98,95,24,99,0,94,
25,0,21,70,13,55,39,64,29,52,23,41,0,71,1,63,28,64,28,64,29,56,26,23,99,99,
0,0,0,0,0,0,0,0,0,0,0,0,0,0,0,0,0,0,0,0,0,0,0,0,0,0,0,0,0,0,0,0,0,0,0,0,0,0,0,0,0,0,0,0,0,0,0,0,0,0,0,0,0,0,
0,0,0,0,0,0,0,0,
0,0,15,12,16,37,70,71,99,79,77,99,0,97,
24,0,0,15,13,33,99,99,
35,4,11,2,21,0,7,54,5,49,5,49,3,63,3,56,3,63,0,70,0,75,7,99,3,97,3,95,7,93,14,65,17,65,99,8,99,8,
56,0,57,0,61,0,62,0,64,0,66,0,66,0,70,1,77,2,89,3,94,4,99,5,99,5,99,5,99,5,99,5,99,5,95,6,89,7,97,8,97,12,99,13,99,13,71,16,71,16,70,17,70,16,71,16,71,16,69,17,56,24,36,28,36,28,34,36,13,33,15,34,15,34,15,34,14,34,12,36,5,37,4,37,5,37,0,37,0,37,0,37,6,43,12,55,17,62,16,62,15,62,23,62,20,67,12,74,12,79,7,94,7,95,12,97,14,98,14,98,19,99,
42,0,99,17,66,19,0,36,32,59,37,77,28,99,
0,0,0,0,0,0,0,0,0,0,0,0,0,0,0,0,
37,0,31,13,32,38,39,48,14,61,96,84,99,89,99,89,88,90,95,76,38,91,0,86,6,99,7,99,
60,0,60,1,60,2,60,2,60,2,60,2,60,2,60,2,60,2,60,1,60,1,60,1,60,1,60,1,60,1,60,1,59,2,59,2,59,2,59,2,59,2,59,2,59,2,40,11,57,28,57,28,57,28,57,28,57,28,57,28,57,28,57,28,57,28,57,28,57,28,57,28,47,33,47,34,47,35,47,35,56,63,55,63,54,63,54,63,53,63,47,65,48,66,55,77,99,93,99,93,99,93,99,93,99,93,99,93,99,93,79,93,66,92,49,95,28,95,44,95,37,92,0,81,0,82,0,82,0,82,54,99,
81,0,0,8,25,49,11,46,99,99,
48,0,28,0,60,6,31,17,41,27,48,27,56,29,57,38,40,39,35,39,36,48,3,47,12,51,1,53,0,53,31,63,33,75,99,83,88,83,34,96,43,95,36,98,33,99,
11,0,4,19,14,40,8,37,8,42,0,46,13,46,24,48,56,55,56,55,56,55,56,55,56,55,56,55,56,55,5,82,77,99,99,98,
27,12,99,0,0,12,74,99,
0,0,0,0,0,0,0,0,0,0,0,0,
41,30,55,16,33,0,99,5,30,15,0,99,
99,0,82,9,58,37,24,85,0,99,
33,0,33,5,99,26,0,99,
68,26,81,0,99,12,54,72,0,99,
99,0,0,99,
62,3,99,3,63,2,77,0,77,1,77,2,64,0,66,0,64,2,63,28,40,26,99,15,68,28,70,29,46,27,46,26,61,38,59,37,62,37,47,36,48,36,48,37,48,36,21,33,19,36,19,33,19,35,20,33,42,43,21,44,0,45,57,56,57,72,33,65,56,86,57,85,55,85,60,86,63,87,54,90,63,93,55,99,
0,0,0,0,
21,1,23,0,26,7,24,16,26,30,18,34,19,34,19,33,28,43,30,35,25,34,16,36,19,47,13,58,0,78,0,75,2,83,8,79,99,99,
0,31,31,99,99,26,9,0,
0,0,0,0,0,0,0,0,0,0,0,0,0,0,0,0,0,0,0,0,
99,9,74,8,43,7,0,0,0,0,12,26,12,26,12,26,17,28,19,39,19,39,23,50,23,50,6,54,6,54,8,54,8,54,8,54,17,61,39,78,39,78,55,76,36,78,14,94,14,94,17,99,
0,0,14,43,90,37,95,64,80,93,79,99,99,72,
66,0,99,7,94,6,0,28,42,20,62,31,58,53,51,77,51,99,
99,0,0,93,78,99,
99,0,0,99,
0,0,0,0,99,99,
99,0,60,44,16,99,2,96,0,61,
23,24,23,24,14,0,23,24,0,85,99,99,20,34,
99,0,0,92,23,99,
0,0,10,99,99,90,23,93,
99,99,37,59,0,0,
26,99,0,0,39,0,39,27,99,49,
68,26,94,0,62,31,99,99,81,72,99,78,99,78,99,78,86,59,68,26,0,27,0,46,0,46,0,46,0,46,13,19,
99,0,99,0,0,42,70,99,
99,0,86,13,0,99,
58,0,58,0,99,25,25,21,40,36,36,37,40,37,20,44,25,50,0,52,3,58,35,67,43,67,58,66,64,64,59,60,50,62,51,60,53,57,50,56,48,56,79,73,21,74,25,75,22,75,21,75,19,77,19,77,19,83,11,85,11,85,24,91,68,99,33,88,
86,0,99,27,0,99,33,21,42,81,99,44,
39,0,39,0,39,0,39,0,39,0,39,14,39,14,39,6,39,6,39,0,39,6,39,14,16,10,16,10,16,10,39,14,16,10,39,14,39,14,39,14,39,14,39,14,39,14,39,14,39,14,39,14,39,14,39,14,36,31,36,31,39,14,36,31,36,31,36,31,36,31,36,31,36,31,36,31,36,31,36,31,36,31,36,31,36,31,49,35,49,35,36,31,36,31,49,35,49,35,37,38,37,38,37,38,36,44,36,44,48,40,48,40,36,44,36,44,36,44,36,44,36,44,36,44,36,44,36,44,36,44,59,48,72,48,72,48,72,48,72,48,72,54,72,54,72,54,72,54,72,54,72,54,72,54,72,54,72,54,72,54,72,54,72,54,72,54,72,54,72,54,72,54,72,54,72,54,86,44,99,45,99,45,99,45,99,45,99,45,99,45,99,52,99,52,99,52,99,45,98,59,98,59,98,59,98,59,98,59,98,59,98,59,98,59,98,59,98,59,98,59,98,59,98,59,98,59,98,59,98,59,98,59,98,59,98,59,99,52,82,59,82,59,82,59,66,61,66,61,66,61,59,64,59,64,59,64,59,64,59,64,59,64,59,64,59,64,45,64,33,67,31,72,31,72,31,72,31,72,31,72,31,72,31,72,31,72,31,72,31,72,31,72,31,81,31,72,31,81,31,81,37,85,31,81,37,85,31,91,0,88,58,97,70,99,45,94,31,91,29,96,
97,0,99,1,98,2,98,2,98,2,98,2,98,2,99,27,99,27,99,27,99,27,6,97,2,96,0,99,0,99,0,99,0,99,
99,0,0,99,
75,0,88,2,99,5,93,2,82,2,77,3,48,0,46,8,45,9,45,8,42,8,29,9,25,16,29,16,29,15,25,22,34,31,38,35,41,34,39,37,40,38,24,41,27,48,45,53,32,60,29,59,25,64,26,64,41,64,96,66,70,74,69,73,60,70,26,99,12,94,0,90,3,81,1,82,24,74,12,75,12,74,30,75,33,81,
0,0,91,20,99,64,30,99,
13,0,9,25,9,41,9,41,4,51,9,63,0,77,0,82,4,94,4,97,13,99,18,99,54,92,95,62,99,63,99,63,95,69,31,53,31,53,
99,0,46,61,46,61,0,99,
99,16,99,16,99,16,94,0,94,0,66,8,66,8,0,99,0,99,1,99,1,99,0,99,
63,0,82,7,83,7,49,41,69,20,71,23,88,29,99,34,49,41,73,43,56,79,35,81,12,82,0,79,45,87,44,87,48,99,
99,0,99,0,0,99,99,0,0,99,99,0,0,99,99,0,99,0,99,0,0,99,0,99,99,0,0,99,0,99,0,99,0,99,99,0,0,99,99,0,0,99,0,99,0,99,0,99,99,0,99,0,0,99,99,0,0,99,99,0,99,0,0,99,99,0,0,99,0,99,99,0,99,0,0,99,0,99,99,0,99,0,0,99,99,0,99,0,0,99,99,0,0,99,0,99,
99,0,0,99,
80,19,91,2,12,0,12,0,10,19,8,21,8,21,3,27,2,27,5,29,0,28,2,24,2,24,17,25,3,35,2,36,6,73,6,73,8,80,8,83,91,99,99,99,
0,94,0,94,0,94,0,94,0,94,0,94,98,99,98,99,98,99,98,99,98,99,98,99,98,99,99,12,88,0,88,0,88,0,
69,0,99,73,0,99,
68,0,68,0,54,2,54,6,54,6,64,10,64,10,51,14,51,14,44,34,44,34,44,34,44,34,34,46,34,46,34,46,34,46,34,46,34,46,34,46,28,56,28,56,12,71,12,71,99,75,99,75,99,75,9,76,3,87,3,87,3,87,3,87,0,99,0,99,0,99,0,99,0,99,0,99,0,99,0,99,0,99,0,99,0,99,
7,0,0,10,62,22,62,22,62,22,62,22,62,22,62,22,37,17,37,17,37,17,37,17,4,24,4,24,23,26,58,99,58,99,58,99,58,99,58,99,58,99,58,99,99,84,99,84,
0,0,99,99,
0,0,0,0,
0,0,27,25,99,99,
22,0,22,5,50,16,0,31,99,33,24,61,54,73,18,94,18,99,
45,0,48,4,48,6,48,9,51,9,51,9,54,13,34,24,34,27,34,29,31,24,31,24,34,27,34,27,42,31,45,63,45,70,45,68,51,77,45,72,45,72,45,72,54,70,91,50,91,50,91,50,94,50,94,50,94,54,94,54,99,56,99,56,99,59,99,61,97,61,97,61,97,61,94,61,94,63,91,77,91,77,88,77,85,81,82,79,85,79,85,86,85,86,85,86,88,84,85,93,99,97,85,95,85,95,97,99,97,99,77,97,74,99,74,99,77,97,77,97,77,97,62,99,11,81,8,72,8,68,2,70,0,70,0,70,0,70,0,70,2,70,17,47,17,45,17,45,14,45,22,34,17,29,17,15,17,13,14,13,14,6,14,6,37,11,
0,0,0,0,0,0,0,0,0,0,0,0,0,0,0,0,0,0,
8,0,19,13,0,65,0,66,44,98,99,99,99,99,99,99,
57,0,59,4,99,18,61,22,43,14,54,14,55,24,48,9,52,63,65,14,98,12,89,18,0,45,3,71,16,46,51,94,15,70,0,62,91,69,50,99,
0,0,0,0,0,0,0,0,0,0,0,0,0,0,0,0,0,0,0,0,0,0,0,0,0,0,0,0,0,0,0,0,0,0,0,0,0,0,0,0,
64,0,97,68,99,55,99,68,0,99,
0,0,0,0,0,0,0,6,0,6,0,12,0,12,8,42,8,42,11,44,1,53,1,53,1,53,99,99,
60,0,99,26,20,34,0,34,20,34,20,34,99,69,60,99,
0,73,73,0,99,99,
88,68,88,68,88,68,88,68,31,0,31,0,31,29,82,26,91,39,91,41,88,68,22,78,0,51,0,51,88,68,99,99,91,99,
0,0,0,0,0,0,4,38,4,38,4,38,4,38,4,38,4,38,4,38,99,99,99,99,99,99,99,99,99,99,
54,12,56,0,54,17,54,17,53,17,53,17,54,16,53,16,55,15,52,16,55,15,55,15,52,17,52,17,51,35,51,35,52,37,52,37,0,11,52,34,52,34,51,33,51,33,58,35,64,35,60,20,60,20,62,36,62,36,62,38,62,38,62,38,55,54,57,54,55,56,55,56,58,56,56,73,58,73,62,79,58,83,58,83,99,99,99,99,95,99,
63,0,84,4,99,4,43,0,5,1,5,12,5,12,8,98,8,98,0,97,0,97,0,97,0,97,0,97,8,98,38,98,38,98,38,98,45,99,45,99,65,99,65,99,65,99,
0,0,0,0,
65,0,0,17,2,17,99,99,66,98,
0,0,0,0,0,0,0,0,0,0,
26,0,26,2,25,2,99,71,97,30,0,99,2,87,
99,0,0,99,0,99,0,99,0,99,0,99,0,99,
0,0,99,96,79,99,
0,0,0,0,0,0,0,0,0,0,0,0,0,0,0,0,0,0,0,0,0,0,
82,0,83,15,88,34,99,42,96,55,1,81,0,81,52,99,
99,0,98,18,96,27,95,40,96,50,94,60,93,66,95,75,93,82,0,99,
99,0,76,7,75,17,75,17,75,17,75,17,54,40,54,48,13,80,8,84,0,92,0,92,1,99,
0,0,0,0,0,0,0,0,0,0,0,0,0,0,0,0,0,0,
54,0,54,0,54,0,54,0,54,0,54,0,54,0,54,0,54,0,54,0,53,26,53,26,53,26,53,26,53,26,53,26,53,26,53,26,53,26,53,26,53,26,53,26,53,26,53,26,53,26,47,42,47,42,47,42,47,42,47,42,47,42,47,42,47,42,47,42,47,42,47,42,47,42,47,42,47,42,55,56,55,56,55,56,55,56,55,56,52,95,99,98,52,95,52,95,52,95,52,95,0,93,2,99,2,99,
99,0,43,42,43,42,43,42,43,42,0,68,3,99,
0,0,0,0,15,47,99,99,
49,0,48,9,72,13,58,12,48,21,0,34,48,49,45,49,99,60,49,74,43,75,50,99,52,99,61,99,
24,0,24,0,23,0,23,0,24,3,22,10,23,11,22,16,21,16,24,21,24,21,27,21,21,36,20,36,20,36,15,37,12,39,12,39,30,42,31,39,31,39,30,39,21,46,21,47,21,51,27,51,20,51,21,51,20,55,18,75,19,75,19,75,11,79,3,72,1,77,0,79,9,84,15,86,15,86,77,99,99,99,
99,0,0,6,2,2,68,13,75,21,86,27,92,46,62,52,48,84,40,94,45,99,
0,0,0,0,67,79,99,99,0,0,0,0,0,0,0,0,0,0,0,0,
0,0,0,0,0,0,0,0,0,0,0,0,0,0,0,0,0,0,0,0,0,0,0,0,
57,9,57,9,57,9,57,9,57,9,73,13,75,13,84,0,75,15,71,16,24,25,24,25,24,25,30,35,30,35,30,35,23,48,0,58,0,58,0,58,0,58,0,58,0,58,2,77,2,77,2,77,2,77,23,87,23,87,23,87,23,87,23,87,23,87,23,87,23,87,23,87,23,87,23,87,23,87,23,87,99,99,
0,0,0,0,
0,0,99,99,
0,0,0,0,0,0,
81,0,99,20,64,47,81,51,63,99,0,79,9,98,
89,21,93,5,89,38,89,38,89,38,96,42,96,42,89,44,80,44,99,46,99,46,99,46,99,46,99,44,99,44,96,49,96,49,89,49,89,51,89,57,89,57,96,61,89,78,89,78,86,76,83,82,83,82,86,90,83,96,83,96,86,96,86,96,93,96,93,98,93,99,73,90,73,88,96,92,96,92,99,92,99,90,96,17,96,17,89,21,93,21,96,21,96,21,89,19,93,15,93,15,93,1,93,3,93,3,69,0,73,1,69,0,66,3,66,3,43,3,0,1,0,1,
88,0,50,1,44,43,89,25,91,25,99,49,60,53,47,64,0,92,13,94,11,99,
83,99,84,99,99,87,98,13,95,12,83,9,82,9,76,7,0,0,0,0,1,11,2,12,
73,0,50,6,37,15,73,44,73,44,0,91,99,99,
30,0,99,15,60,7,0,57,18,99,18,99,38,62,38,62,
99,0,0,99,0,99,0,99,0,99,0,99,0,99,0,99,0,99,0,99,0,99,0,99,0,99,0,99,0,99,0,99,0,99,0,99,0,99,0,99,0,99,0,99,0,99,0,99,0,99,0,99,0,99,0,99,0,99,0,99,0,99,0,99,0,99,
34,0,34,0,34,2,34,2,37,13,37,13,34,13,31,13,25,13,20,15,20,17,20,19,28,32,28,30,28,30,28,30,25,36,25,36,25,36,25,36,37,36,37,36,37,36,37,36,37,36,22,41,22,41,28,45,22,47,25,47,25,52,28,52,28,52,31,52,31,54,31,54,31,58,31,71,28,76,28,76,28,76,28,80,28,80,28,78,28,78,22,78,22,78,37,95,37,93,39,91,39,91,39,91,39,91,59,65,54,67,85,58,85,58,85,58,85,58,85,58,85,67,88,67,85,69,85,69,85,69,99,73,97,71,97,71,94,71,97,71,97,71,97,71,97,71,97,69,99,69,97,71,97,71,97,71,97,71,94,69,94,69,94,69,94,69,97,69,94,71,94,71,94,71,94,69,94,69,91,69,88,82,88,82,88,82,88,84,88,82,85,89,85,89,85,89,88,89,91,89,88,89,88,89,91,91,88,89,88,89,88,89,88,82,85,84,85,84,85,84,97,89,94,89,94,89,94,86,94,86,94,86,94,89,94,89,94,89,94,89,94,89,94,89,85,97,8,91,8,91,8,91,8,91,8,91,8,84,11,86,5,82,8,82,8,82,0,84,0,84,0,84,0,84,5,71,2,76,25,95,25,95,25,93,22,97,25,97,28,99,
99,0,0,0,2,69,0,81,17,99,
0,65,14,32,16,9,53,99,99,0,
0,0,0,0,0,0,0,0,0,0,0,0,0,0,0,0,0,0,0,0,0,0,0,0,0,0,0,0,0,0,0,0,0,0,0,0,0,0,0,0,0,0,0,0,0,0,0,0,0,0,0,0,0,0,0,0,0,0,0,0,0,0,0,0,0,0,0,0,0,0,0,0,0,0,0,0,0,0,0,0,0,0,0,0,0,0,0,0,0,0,0,0,0,0,0,0,0,0,0,0,0,0,0,0,0,0,0,0,0,0,0,0,0,0,0,0,0,0,0,0,0,0,0,0,0,0,0,0,0,0,0,0,0,0,0,0,0,0,0,0,0,0,0,0,0,0,0,0,0,0,0,0,0,0,0,0,0,0,0,0,0,0,0,0,0,0,0,0,0,0,0,0,0,0,0,0,0,0,0,0,0,0,0,0,0,0,0,0,0,0,0,0,0,0,0,0,0,0,0,0,0,0,0,0,0,0,0,0,0,0,0,0,0,0,0,0,0,0,0,0,0,0,0,0,0,0,0,0,0,0,0,0,0,0,0,0,0,0,0,0,0,0,0,0,0,0,0,0,0,0,0,0,0,0,0,0,0,0,0,0,0,0,0,0,0,0,0,0,0,0,0,0,0,0,0,0,0,0,0,0,0,0,0,0,0,0,0,0,0,0,0,0,0,0,0,0,0,0,0,0,0,0,0,0,0,0,0,0,0,0,0,0,0,0,
45,0,0,8,67,28,67,28,99,34,27,99,
16,0,8,1,8,1,9,1,9,1,5,2,10,1,5,2,33,12,30,12,32,12,25,11,25,11,25,11,32,17,36,17,30,19,30,19,31,18,31,18,31,18,30,18,30,18,45,19,44,18,54,22,54,22,49,22,47,21,44,22,45,21,44,21,41,23,41,23,41,22,41,22,99,22,99,22,99,22,99,22,94,23,96,23,98,23,47,37,46,37,37,40,37,40,37,40,38,40,38,40,38,40,32,46,32,46,30,46,30,46,45,45,46,45,39,46,39,46,58,39,58,40,56,42,54,42,86,50,86,50,86,50,86,50,86,50,86,50,83,50,83,49,86,49,85,49,55,53,55,53,55,53,37,51,37,51,35,51,35,51,34,51,34,51,33,51,33,51,33,51,33,51,37,51,37,51,36,51,36,51,32,50,32,50,31,50,31,50,32,50,32,50,35,49,38,53,38,53,32,54,27,54,27,54,27,54,25,55,25,55,25,55,15,58,18,58,18,58,18,58,16,58,16,58,14,59,14,59,14,59,14,59,13,62,12,62,16,61,16,61,18,61,18,61,19,61,19,61,19,61,19,61,0,62,0,62,16,70,16,70,19,71,20,71,20,71,21,71,20,71,19,72,19,72,19,72,12,71,12,71,24,74,24,74,27,74,27,74,24,75,13,79,22,80,21,80,22,80,18,80,77,88,77,88,15,94,15,94,18,99,25,96,
99,0,0,99,
0,0,0,0,0,0,0,0,0,0,0,0,0,0,0,0,0,0,0,0,0,0,0,0,0,0,0,0,0,0,0,0,0,0,0,0,0,0,
87,0,94,15,99,15,78,54,0,68,10,99,
18,0,6,9,19,11,37,8,37,8,34,14,27,32,27,32,4,20,0,29,0,29,9,32,24,33,24,33,31,35,22,47,20,47,15,58,17,65,14,67,11,78,9,81,13,80,16,82,20,80,16,82,11,91,12,98,99,99,
99,0,88,31,90,44,0,36,78,99,
45,0,79,6,73,17,89,35,67,40,99,44,62,56,45,81,55,84,0,99,
0,0,0,0,0,0,0,0,0,0,0,0,0,0,0,0,0,0,0,0,0,0,0,0,0,0,0,0,0,0,0,0,0,0,0,0,0,0,0,0,0,0,0,0,0,0,0,0,0,0,0,0,0,0,0,0,0,0,0,0,0,0,0,0,0,0,0,0,0,0,0,0,0,0,0,0,0,0,0,0,0,0,0,0,0,0,0,0,0,0,0,0,0,0,0,0,0,0,0,0,0,0,0,0,0,0,0,0,0,0,0,0,0,0,0,0,0,0,0,0,0,0,0,0,0,0,0,0,0,0,0,0,0,0,0,0,0,0,0,0,0,0,0,0,0,0,0,0,0,0,0,0,0,0,0,0,0,0,0,0,0,0,0,0,0,0,0,0,0,0,0,0,0,0,0,0,0,0,0,0,0,0,0,0,0,0,0,0,0,0,0,0,0,0,0,0,0,0,0,0,0,0,0,0,0,0,0,0,
0,0,0,0,0,0,0,0,0,0,0,0,0,0,0,0,0,0,0,0,
0,0,0,0,
99,0,99,0,99,0,99,0,99,0,99,0,99,0,0,99,0,99,0,99,0,99,0,99,0,99,0,99,0,99,0,99,0,99,0,99,0,99,0,99,0,99,0,99,0,99,0,99,0,99,0,99,0,99,0,99,
0,0,99,99,99,99,99,99,99,99,99,99,99,99,
70,99,82,65,88,0,0,96,76,72,99,72,77,8,
75,0,72,50,72,50,72,50,72,50,72,56,99,63,99,63,99,63,75,76,75,91,67,99,0,99,
1,0,1,0,1,0,2,0,18,11,16,12,16,14,16,14,10,20,9,24,9,24,10,26,5,38,5,38,6,37,6,48,6,48,6,48,0,51,1,51,9,60,10,74,6,81,6,81,4,84,4,81,83,99,82,99,82,99,82,99,85,99,85,99,99,99,99,99,
88,1,83,0,99,96,58,99,14,99,14,99,14,99,0,98,0,98,
25,0,99,18,75,22,50,25,99,40,0,99,
88,0,99,5,85,7,84,8,89,8,78,51,98,54,66,60,66,59,62,63,62,63,62,63,73,86,53,96,42,96,0,99,58,96,
72,0,75,9,81,11,81,15,67,17,63,20,48,22,63,22,62,24,58,33,81,36,81,38,99,39,82,40,79,41,79,41,61,43,58,43,19,45,47,53,33,54,7,58,17,60,24,60,33,63,5,70,13,71,7,72,4,74,21,73,43,74,51,77,45,81,44,82,15,80,7,81,5,84,2,86,0,87,10,91,6,99,
99,0,0,99,0,99,0,99,0,99,0,99,0,99,0,99,0,99,0,99,0,99,0,99,0,99,0,99,0,99,0,99,0,99,0,99,0,99,0,99,0,99,
43,0,50,0,41,1,36,1,28,7,28,7,0,15,42,18,16,30,14,30,13,31,37,41,33,41,46,43,48,44,43,49,44,48,38,48,72,48,70,51,78,86,68,87,65,88,57,91,78,90,78,90,95,90,99,90,99,90,43,92,36,92,32,99,33,99,
99,0,94,78,0,99,
28,0,28,0,28,10,13,10,28,10,28,10,57,17,57,17,57,17,57,17,86,19,86,21,99,21,99,21,99,36,99,36,99,38,99,38,99,40,99,40,99,40,99,40,86,47,86,47,99,45,99,47,86,59,86,59,28,70,28,70,13,70,13,70,28,70,28,73,13,82,13,82,13,84,13,84,43,85,43,85,43,89,43,89,43,89,13,89,13,89,0,98,0,99,0,99,
99,18,86,0,13,46,0,99,
0,0,99,99,
0,96,0,91,5,91,28,91,42,82,48,72,48,72,36,69,32,60,30,60,20,54,49,21,54,11,50,0,99,13,50,99,46,99,52,99,
28,0,6,20,0,66,12,78,12,78,99,99,
0,0,0,0,0,0,0,0,0,0,0,0,0,0,0,0,0,0,
27,0,36,0,0,48,99,99,
99,0,99,0,99,0,99,0,99,0,99,0,99,0,99,0,99,0,99,0,99,0,0,99,
0,0,99,99,
0,0,0,0,0,0,0,0,0,0,0,0,0,0,0,0,0,0,0,0,0,0,0,0,0,0,0,0,0,0,
94,0,98,3,96,8,95,12,98,16,92,16,93,23,93,30,95,30,85,30,86,29,86,29,83,34,79,34,75,33,68,33,68,33,66,34,66,34,92,42,99,46,99,46,82,79,81,79,84,79,79,82,77,84,77,84,87,76,0,99,
99,0,99,0,0,61,0,61,0,61,0,61,68,71,68,71,93,99,93,99,93,99,93,99,
99,99,0,0,
99,0,99,0,99,0,99,0,99,0,0,99,0,99,
0,0,0,0,0,0,0,0,0,0,0,0,0,0,0,0,0,0,0,0,0,0,0,0,0,0,0,0,0,0,0,0,0,0,0,0,
67,0,64,15,79,34,65,39,65,39,70,46,70,46,64,47,69,57,67,57,57,64,57,64,56,64,53,65,53,67,8,63,8,63,0,65,16,77,16,77,52,80,46,81,51,82,43,83,58,95,54,87,54,87,58,91,53,94,98,95,99,97,92,99,
99,0,0,99,
5,0,16,17,9,28,14,25,22,31,23,31,4,39,5,48,9,50,5,59,3,74,0,99,95,56,96,56,96,56,99,69,95,85,90,70,
10,0,34,2,12,4,0,2,49,0,43,18,23,21,10,37,36,49,99,99,75,95,
66,0,43,19,99,48,0,99,
99,7,99,4,68,0,63,68,22,99,0,92,
99,99,0,0,
12,0,13,10,15,13,6,13,11,13,19,43,21,43,28,46,30,46,29,52,12,54,14,55,4,60,8,80,7,83,4,92,0,93,7,99,33,87,32,87,40,99,38,97,63,97,88,87,91,84,91,68,99,71,
77,0,65,2,65,2,77,7,61,18,32,27,13,31,13,29,16,31,28,28,25,30,0,33,2,32,2,35,40,38,26,38,37,48,38,48,38,48,38,48,39,49,39,49,39,49,40,49,40,49,39,49,40,49,44,49,53,54,99,54,53,55,15,61,26,75,40,85,30,86,21,91,20,94,19,96,16,96,24,99,
5,0,5,0,0,29,99,61,98,62,0,99,
0,0,0,0,0,0,0,0,0,0,0,0,0,0,0,0,0,0,
99,7,78,0,7,86,0,86,23,99,
0,93,99,99,79,0,80,6,
0,0,92,99,99,60,
77,0,76,0,75,2,72,3,72,6,70,7,82,7,84,9,83,7,78,8,74,6,80,8,79,7,79,8,78,9,77,10,77,15,77,15,78,13,78,13,77,16,77,16,77,16,92,6,80,18,81,23,79,29,79,29,79,29,81,30,82,28,85,28,90,29,90,29,91,30,95,30,95,33,95,43,93,49,91,51,91,53,89,59,88,74,89,73,99,73,96,85,96,85,96,85,96,85,91,77,94,75,85,79,82,80,81,80,81,81,81,82,77,83,78,82,77,82,80,83,80,86,74,83,75,84,88,85,71,94,71,94,71,94,61,99,0,99,
0,0,99,99,99,99,99,99,99,99,
0,0,0,57,0,99,
97,14,0,99,99,0,
78,1,50,5,54,3,88,4,88,4,88,3,88,2,89,1,90,1,89,0,89,0,88,1,85,5,88,2,77,3,84,3,86,4,90,5,90,4,94,4,99,4,48,5,63,17,73,18,72,18,72,21,71,22,62,44,59,43,56,44,59,43,66,50,65,49,63,67,66,88,49,92,46,90,10,98,31,80,47,82,3,98,0,99,5,99,
12,0,24,15,6,23,18,31,99,99,19,66,8,68,17,73,0,16,0,15,
0,0,99,99,
15,70,0,0,99,99,
62,0,65,7,65,7,57,16,57,16,36,27,28,31,28,28,35,27,63,28,34,27,92,23,99,35,65,45,82,57,51,49,52,47,60,50,60,51,78,60,56,65,48,68,48,65,36,66,36,66,20,71,0,83,3,85,12,90,10,88,29,96,36,95,65,99,49,97,
14,0,13,25,4,63,0,83,99,99,
99,99,0,0,
99,67,9,4,14,0,13,2,13,76,22,79,0,99,
99,97,0,0,47,8,47,9,44,13,44,16,45,18,45,20,43,26,43,33,41,32,41,33,42,35,50,36,50,38,51,41,44,42,46,42,43,44,47,78,47,81,46,81,40,94,40,95,37,95,42,99,
37,0,46,7,48,10,48,11,48,11,48,11,48,11,48,11,48,11,48,11,45,18,53,12,46,19,45,20,45,20,45,20,45,21,45,20,43,33,52,36,40,38,37,38,38,40,41,47,41,47,26,54,11,57,9,55,9,55,8,60,4,60,0,61,0,61,4,71,24,80,28,83,67,99,99,98,99,99,
0,0,99,99,
26,0,24,26,99,82,0,99,0,99,
96,0,96,7,99,11,96,11,96,11,96,11,86,15,83,15,83,15,86,17,86,17,86,25,86,23,93,25,96,26,99,28,89,34,89,36,89,36,93,44,99,44,96,46,96,46,93,46,86,46,89,50,89,50,93,63,99,65,96,69,93,67,89,57,89,69,89,76,89,74,99,80,99,80,96,84,89,86,83,86,89,92,89,94,69,99,29,98,29,96,0,96,
0,0,51,14,58,55,54,57,18,75,19,99,27,90,94,13,99,35,
99,0,23,85,54,26,0,99,
76,0,76,8,99,31,53,44,10,56,8,57,6,60,0,64,32,67,68,99,
44,0,45,0,45,0,44,0,45,0,45,0,33,1,33,2,23,4,16,5,0,7,3,16,99,34,98,43,96,43,92,45,93,46,44,60,50,60,35,62,37,67,19,70,16,94,16,95,17,97,80,99,
99,99,82,19,0,15,14,0,
94,0,99,6,86,22,27,61,0,58,0,58,16,70,11,71,23,71,23,71,34,70,26,99,
86,0,83,1,47,17,47,17,48,18,99,21,94,23,0,47,87,56,49,73,3,80,44,81,47,81,35,82,72,97,69,97,65,97,80,99,80,99,
55,70,99,3,74,0,62,40,59,41,66,40,80,48,72,19,32,38,62,41,69,42,59,40,70,41,35,36,69,36,65,49,54,52,43,36,88,36,26,37,56,49,90,45,59,57,67,40,65,40,56,82,83,48,65,43,54,41,84,37,1,94,0,84,3,95,0,90,57,82,46,99,
20,0,99,34,14,75,0,99,
72,0,99,4,65,18,46,57,13,86,43,88,0,93,35,99,
0,0,0,0,0,0,0,0,0,0,0,0,0,0,
99,0,0,99,
24,0,24,9,14,38,24,47,14,77,19,65,0,90,0,90,0,95,4,97,9,95,24,95,30,90,30,90,19,93,39,61,99,99,
56,0,0,39,99,99,
99,0,95,0,83,80,0,96,69,99,
57,0,55,2,76,0,94,0,94,0,91,2,91,2,91,2,91,2,91,2,91,2,35,18,35,18,36,18,36,18,36,18,36,18,36,18,0,37,0,37,0,37,0,37,50,36,45,35,47,35,54,38,51,39,54,38,55,38,55,38,62,39,38,44,62,55,62,54,62,54,64,65,61,75,82,75,86,76,89,77,89,77,89,77,87,83,93,89,98,86,99,86,99,86,99,86,34,99,21,99,
0,0,0,0,0,0,0,0,0,0,
99,0,31,83,0,99,
34,0,0,88,32,99,33,92,81,71,99,43,
99,0,0,99,
1,0,1,18,0,15,0,42,9,57,66,99,99,87,
0,0,0,0,0,0,0,0,0,0,0,0,
0,9,99,99,39,43,19,0,
91,0,81,2,99,14,37,34,78,93,0,99,
99,0,0,99,
95,0,77,12,81,21,79,34,77,34,60,64,81,65,99,76,96,76,83,76,84,78,0,71,1,74,3,75,21,75,36,78,60,80,62,83,64,84,61,86,52,94,70,99,
61,0,65,26,65,26,58,30,29,35,99,27,61,0,74,76,68,99,0,98,0,98,
30,0,30,0,30,6,28,6,30,6,19,12,31,15,32,17,34,27,35,28,37,27,25,25,18,37,18,37,31,38,25,38,27,42,27,46,38,43,38,46,30,62,30,62,33,62,31,51,33,80,34,77,34,77,15,74,8,74,8,74,6,68,0,62,0,62,6,56,54,70,88,47,99,41,90,55,92,57,92,66,85,85,76,86,75,86,21,97,22,97,30,99,85,99,
0,98,9,98,17,0,17,0,15,8,3,9,20,30,17,23,22,38,17,32,17,32,6,47,80,38,13,62,14,62,75,40,43,38,37,68,39,68,38,70,80,77,99,55,99,55,75,43,35,70,44,75,45,75,43,75,66,51,7,78,13,88,17,96,12,99,
99,0,99,4,99,4,99,32,55,37,33,35,22,35,0,32,0,32,0,35,77,44,10,52,10,50,10,99,
0,0,3,71,26,77,77,76,79,85,99,99,
33,0,32,0,33,8,37,7,29,14,32,14,33,15,34,15,34,15,34,15,30,15,30,15,30,15,31,14,31,14,11,16,11,16,10,17,10,17,7,17,9,18,9,18,9,18,8,18,11,19,11,19,11,23,11,25,10,26,11,26,30,29,30,29,36,29,36,29,38,32,38,32,31,35,30,35,32,34,31,34,31,34,31,34,30,34,23,33,25,33,20,36,21,35,21,35,21,35,21,35,21,35,18,38,18,38,17,39,18,40,19,40,18,40,18,40,32,41,34,42,34,42,24,43,25,46,22,48,22,46,22,46,22,46,22,46,22,46,22,46,22,46,22,46,16,48,16,48,29,51,29,52,32,56,31,56,30,56,30,56,33,56,32,63,27,66,26,66,26,66,23,65,25,70,4,70,0,76,5,78,22,81,17,81,30,82,34,82,35,82,38,81,30,81,30,81,26,80,27,80,33,79,26,80,52,82,51,79,51,79,29,92,28,92,26,99,27,98,33,99,33,99,36,98,49,98,95,99,95,99,99,99,99,99,
99,0,83,70,80,69,0,92,17,99,
24,0,2,16,29,76,23,54,0,84,20,97,16,99,85,93,99,84,99,84,
75,0,87,4,75,4,87,4,87,4,87,4,87,8,87,16,75,17,75,34,99,38,36,46,36,60,0,49,36,60,0,86,0,95,36,95,36,94,49,94,75,92,62,94,49,99,
0,6,99,40,99,40,5,31,69,45,30,53,34,52,33,52,18,47,18,47,16,48,18,49,16,47,22,46,22,45,25,0,24,0,28,80,29,81,50,41,26,85,36,97,34,95,34,95,31,99,
12,2,2,58,0,63,23,94,99,99,9,0,
18,0,18,0,18,0,21,5,23,7,21,5,17,4,22,6,23,7,22,6,24,9,23,9,11,11,15,13,11,10,26,26,11,18,9,18,30,33,20,28,20,28,12,29,12,29,10,30,10,30,10,30,3,38,1,43,0,44,2,46,2,46,1,47,5,50,5,60,6,62,4,69,4,70,3,74,3,75,7,77,8,77,7,77,10,79,8,79,13,80,13,80,10,82,10,81,13,83,10,82,22,94,99,99,
0,0,0,0,0,0,0,0,0,0,0,0,0,0,0,0,0,0,0,0,
77,33,30,10,37,99,99,40,20,0,0,10,50,44,
0,99,99,0,
0,0,0,0,0,0,0,0,0,0,0,0,0,0,0,0,0,0,
97,0,97,0,98,12,78,17,78,17,78,17,78,17,0,84,0,84,0,84,0,84,21,83,21,84,18,84,18,84,26,84,35,84,35,84,35,84,99,82,99,82,97,78,71,88,71,88,64,99,64,99,64,99,64,99,64,99,
80,98,82,96,81,99,83,89,99,0,0,13,
99,0,71,10,0,99,
0,6,0,0,99,99,99,99,
99,0,99,0,99,0,99,0,99,0,99,0,99,0,99,0,99,0,99,0,99,0,99,0,99,0,99,0,99,0,99,0,99,0,99,0,99,0,99,0,99,0,99,0,0,99,0,99,
15,0,0,3,16,6,3,29,8,34,8,35,18,45,16,53,24,82,23,84,22,83,99,99,
30,0,30,0,30,0,30,0,28,26,28,26,29,26,29,26,29,26,29,26,29,30,50,72,50,72,79,51,29,90,25,98,99,99,99,99,88,99,0,84,
99,99,0,0,
99,0,99,0,0,99,0,99,
0,0,99,44,94,57,90,58,77,57,3,97,73,99,
21,38,0,57,12,67,17,99,16,99,99,58,73,0,
51,0,51,0,57,0,36,6,21,12,0,20,34,34,53,33,48,33,99,39,68,40,34,55,38,54,38,54,38,57,38,57,79,55,50,63,47,63,55,68,47,66,29,68,29,68,47,72,48,72,76,77,73,81,76,81,76,81,70,82,74,84,72,84,72,84,48,85,39,84,31,94,61,99,
0,0,0,0,0,0,0,0,0,0,0,0,0,0,0,0,0,0,0,0,
96,99,95,98,93,81,92,70,95,54,91,42,87,20,58,19,43,16,0,0,99,99,
99,13,32,0,29,7,36,25,29,31,29,31,36,52,21,51,21,51,16,61,22,67,23,81,20,89,30,98,17,99,10,96,0,78,43,34,
10,0,9,8,11,27,2,50,56,52,0,99,59,81,99,79,85,86,
53,0,56,7,72,9,80,13,87,13,97,15,98,15,99,15,99,19,99,20,98,22,98,22,98,22,98,22,98,22,98,22,97,23,79,13,68,16,59,16,51,15,30,12,27,11,2,12,3,13,2,14,2,14,1,19,3,18,0,12,1,12,1,12,31,17,41,21,42,20,46,20,46,20,53,21,53,23,52,30,53,32,50,34,46,37,46,37,47,38,53,41,43,40,42,44,42,44,42,44,44,45,49,49,51,50,52,51,51,54,38,54,41,54,53,62,61,62,96,60,77,62,52,64,52,64,52,64,52,75,53,77,54,78,53,79,60,82,56,85,55,88,57,89,60,90,61,93,58,93,58,93,55,95,51,95,45,99,45,99,
0,0,0,0,0,0,0,0,0,0,0,0,0,0,0,0,0,0,0,0,0,0,
99,0,41,4,24,25,10,28,14,40,14,42,1,57,0,63,0,62,19,99,
17,99,0,0,39,55,99,78,36,68,20,89,29,50,36,42,